0.000000000000000000e+00 1.687282633851412328e+01
5.000000000000000278e-02 1.224399249130877720e+01
1.000000000000000056e-01 5.287458492524809373e+00
1.499999999999999944e-01 1.038350126872767376e+01
2.000000000000000111e-01 1.133992308955264505e+01
2.500000000000000000e-01 9.045812987528659477e+00
2.999999999999999889e-01 7.363898150285651312e+00
3.500000000000000333e-01 6.331859629987214078e+00
4.000000000000000222e-01 8.469988417919095625e+00
4.500000000000000666e-01 1.064933148145028063e+01
5.000000000000000000e-01 1.015311511042377646e+01
5.499999999999999334e-01 1.210454632574367828e+01
5.999999999999999778e-01 9.589828376456004833e+00
6.500000000000000222e-01 1.414748995166663015e+01
7.000000000000000666e-01 1.055739057087450128e+01
7.500000000000000000e-01 6.549965572783994716e+00
8.000000000000000444e-01 8.203199140799178224e+00
8.500000000000000888e-01 9.829934261973541254e+00
9.000000000000001332e-01 9.270819503394019279e+00
9.499999999999999556e-01 1.193240676726107274e+01
1.000000000000000000e+00 8.949209264062796265e+00
1.050000000000000044e+00 7.066212549567461920e+00
1.099999999999999867e+00 7.583430565110493404e+00
1.149999999999999911e+00 1.359759085332974848e+01
1.199999999999999956e+00 1.017743718113897522e+01
1.250000000000000000e+00 1.341270786464537679e+01
1.300000000000000044e+00 1.410096100122566121e+01
1.350000000000000089e+00 5.104519665335127243e+00
1.400000000000000133e+00 9.932219877731879976e+00
1.450000000000000178e+00 6.476152854997897279e+00
1.500000000000000000e+00 6.542114956228582301e+00
1.550000000000000044e+00 1.195625951857932989e+01
1.600000000000000089e+00 1.379624632515671578e+01
1.650000000000000133e+00 1.176425139359348293e+01
1.700000000000000178e+00 1.168636321036870385e+01
1.750000000000000222e+00 8.362323408318157902e+00
1.800000000000000266e+00 1.098140054419770451e+01
1.849999999999999867e+00 1.131032584949803166e+01
1.899999999999999911e+00 1.166466237990430699e+01
1.949999999999999956e+00 9.074121789751741218e+00
2.000000000000000000e+00 9.106471109826312471e+00
2.050000000000000266e+00 6.654956207267496815e+00
2.100000000000000089e+00 1.162667070911173539e+01
2.150000000000000355e+00 9.999711098554600497e+00
2.199999999999999734e+00 1.469812146633701033e+01
2.250000000000000000e+00 1.064823350799165169e+01
2.299999999999999822e+00 4.667914072253918079e+00
2.350000000000000089e+00 1.140688391845007743e+01
2.399999999999999911e+00 1.451181419186127108e+01
2.450000000000000178e+00 1.167260118195620322e+01
2.500000000000000000e+00 9.125262758488863923e+00
2.550000000000000266e+00 7.753989421154888539e+00
2.600000000000000089e+00 5.209398622636893350e+00
2.649999999999999911e+00 9.262072026124165802e+00
2.700000000000000178e+00 8.005597140583775584e+00
2.750000000000000000e+00 7.664224592146020143e+00
2.800000000000000266e+00 1.073713310463520187e+01
2.850000000000000089e+00 1.295550215676855643e+01
2.900000000000000355e+00 1.747344551442089511e+01
2.950000000000000178e+00 1.708703194804184733e+01
3.000000000000000000e+00 1.200919676705390771e+01
3.049999999999999822e+00 7.410319955680202852e+00
3.100000000000000089e+00 1.188224613103287908e+01
3.149999999999999911e+00 1.006938945924867390e+01
3.200000000000000178e+00 1.537317751754618556e+01
3.250000000000000000e+00 5.692310453990002017e+00
3.300000000000000266e+00 8.729019141092550171e+00
3.350000000000000089e+00 1.970405992892089841e+00
3.400000000000000355e+00 1.991192991276605539e+00
3.450000000000000178e+00 9.093696384835160629e+00
3.500000000000000444e+00 9.008604608588374418e+00
3.550000000000000266e+00 1.232323562096537017e+01
3.600000000000000533e+00 1.014354529996275645e+01
3.649999999999999911e+00 8.634155963494270836e+00
3.699999999999999734e+00 8.526724433935294556e+00
3.750000000000000000e+00 1.283115230821649000e+01
3.799999999999999822e+00 9.410108220624350039e+00
3.850000000000000089e+00 7.892720120487698665e+00
3.899999999999999911e+00 1.259051372368698551e+01
3.950000000000000178e+00 9.734094217148651751e+00
4.000000000000000000e+00 1.301518821751794519e+01
4.049999999999999822e+00 9.686994747175770470e+00
4.100000000000000533e+00 9.177334043288849941e+00
4.150000000000000355e+00 7.568048384110632298e+00
4.200000000000000178e+00 6.265659833812094348e+00
4.250000000000000000e+00 8.006986520421724762e+00
4.300000000000000711e+00 1.588884777736740972e+01
4.350000000000000533e+00 5.781898959386225556e+00
4.399999999999999467e+00 6.874516236295269422e+00
4.450000000000000178e+00 4.847079153818391717e+00
4.500000000000000000e+00 8.028953982218295593e+00
4.549999999999999822e+00 1.326476046554552468e+01
4.599999999999999645e+00 6.304614897013980368e+00
4.650000000000000355e+00 8.718779173548849570e+00
4.700000000000000178e+00 1.088480026717058280e+01
4.750000000000000000e+00 1.104873732639640771e+01
4.799999999999999822e+00 1.016266371038849847e+01
4.850000000000000533e+00 1.203536051505530224e+01
4.900000000000000355e+00 9.519298281423035135e+00
4.950000000000000178e+00 1.103824798176402489e+01
5.000000000000000000e+00 7.971480273631943447e+00
5.050000000000000711e+00 7.479980667360402791e+00
5.100000000000000533e+00 9.405838140799417602e+00
5.150000000000000355e+00 8.204157147298197117e+00
5.200000000000000178e+00 8.605470312417486056e+00
5.250000000000000000e+00 1.228472578082925892e+01
5.299999999999999822e+00 1.173539317180709141e+01
5.349999999999999645e+00 6.764191442646405150e+00
5.400000000000000355e+00 9.851416655260115007e+00
5.450000000000000178e+00 8.969679036987358245e+00
5.500000000000000000e+00 1.115785289941669056e+01
5.549999999999999822e+00 1.149520109736240059e+01
5.600000000000000533e+00 1.093038093444386050e+01
5.650000000000000355e+00 1.094949906283327934e+01
5.700000000000000178e+00 1.158905153000938171e+01
5.750000000000000000e+00 8.333743309740089700e+00
5.800000000000000711e+00 1.302008544191115469e+01
5.850000000000000533e+00 6.081920906319352227e+00
5.900000000000000355e+00 1.133749773586927745e+01
5.950000000000000178e+00 6.993410847290971510e+00
6.000000000000000000e+00 1.000829875819558801e+01
6.049999999999999822e+00 4.627815059969133671e-01
6.099999999999999645e+00 9.052344868839552916e+00
6.150000000000000355e+00 1.267824681438051115e+01
6.200000000000000178e+00 7.226173118521363570e+00
6.250000000000000000e+00 8.048212089053539131e+00
6.299999999999999822e+00 8.157893313986804174e+00
6.349999999999999645e+00 8.698762209860699812e+00
6.400000000000000355e+00 7.971464068894983157e+00
6.450000000000000178e+00 9.354883509896106730e+00
6.500000000000000000e+00 7.913632190476677764e+00
6.550000000000000711e+00 9.954083170158060767e+00
6.600000000000000533e+00 1.703907137251168180e+01
6.650000000000000355e+00 2.368349879233057287e+00
6.700000000000000178e+00 4.897384517349321342e+00
6.750000000000000000e+00 1.310262086498871170e+01
6.800000000000000711e+00 3.685034179993595949e+00
6.850000000000000533e+00 1.092401838956203619e+01
6.900000000000000355e+00 7.601587826718896324e+00
6.950000000000001066e+00 6.982744209767414389e+00
7.000000000000000888e+00 9.159444648278949330e+00
7.050000000000000711e+00 9.180425161741835538e+00
7.100000000000000533e+00 1.195076762135621706e+01
7.150000000000000355e+00 1.278255505462040631e+01
7.200000000000001066e+00 9.832905128460955879e+00
7.249999999999999112e+00 1.675639426422636191e+01
7.299999999999999822e+00 1.005529159934067529e+01
7.349999999999999645e+00 1.453436392214730333e+01
7.399999999999999467e+00 7.261712488191471415e+00
7.449999999999999289e+00 1.234380568034877612e+01
7.500000000000000000e+00 6.964169672919592102e+00
7.549999999999999822e+00 7.142320864108656409e+00
7.599999999999999645e+00 1.205786094826789068e+01
7.649999999999999467e+00 9.778301501629254489e+00
7.700000000000000178e+00 1.013779703257132425e+01
7.750000000000000000e+00 7.939316350098625463e+00
7.799999999999999822e+00 7.734258745192363449e+00
7.849999999999999645e+00 9.409250192841295046e+00
7.900000000000000355e+00 6.416797820523544083e+00
7.950000000000000178e+00 7.458580344796992279e+00
8.000000000000000000e+00 6.710393804353933511e+00
8.050000000000000711e+00 1.622756036685340675e+01
8.099999999999999645e+00 1.483517006354173517e+01
8.150000000000000355e+00 1.568221403751680043e+01
8.200000000000001066e+00 1.098636309098192676e+01
8.250000000000000000e+00 7.839527467390283277e+00
8.300000000000000711e+00 8.429052659300168671e+00
8.349999999999999645e+00 9.669655665679686152e+00
8.400000000000000355e+00 9.783051676673064634e+00
8.450000000000001066e+00 9.776715125321427280e+00
8.500000000000000000e+00 9.319554904119621952e+00
8.550000000000000711e+00 8.240467259474280937e+00
8.600000000000001421e+00 5.797269528293261587e+00
8.650000000000000355e+00 1.148715595564348568e+01
8.700000000000001066e+00 7.731656480484021543e+00
8.750000000000000000e+00 1.283408804331055109e+01
8.799999999999998934e+00 1.000342594713314526e+01
8.849999999999999645e+00 8.524369469701944979e+00
8.900000000000000355e+00 1.393086723918642633e+01
8.949999999999999289e+00 9.359230765917757822e+00
9.000000000000000000e+00 1.138387082397083638e+01
9.049999999999998934e+00 4.982265667733429382e+00
9.099999999999999645e+00 9.811501752061960957e+00
9.150000000000000355e+00 1.227082609982118910e+01
9.199999999999999289e+00 1.070856279151843005e+01
9.250000000000000000e+00 5.438363711687257407e+00
9.300000000000000711e+00 9.203150800511487262e+00
9.349999999999999645e+00 1.487820204473288754e+01
9.400000000000000355e+00 4.334007571360308120e+00
9.449999999999999289e+00 1.454408776129900005e+01
9.500000000000000000e+00 6.403181335038286015e+00
9.550000000000000711e+00 8.687660110950014669e+00
9.599999999999999645e+00 9.554270919331695922e+00
9.650000000000000355e+00 1.027323280364080560e+01
9.700000000000001066e+00 1.082840416459861288e+01
9.750000000000000000e+00 1.107454708938740850e+01
9.800000000000000711e+00 1.301532050767366044e+01
9.849999999999999645e+00 9.147170091199006592e+00
9.900000000000000355e+00 8.310701043982446024e+00
9.950000000000001066e+00 1.017315551683801900e+01
1.000000000000000000e+01 6.693985586537018584e+00
1.005000000000000071e+01 5.669802727379540386e+00
1.010000000000000142e+01 9.446203598006089663e+00
1.015000000000000036e+01 7.354975513410446197e+00
1.020000000000000107e+01 8.752526903267892067e+00
1.025000000000000000e+01 9.855977104449863191e+00
1.030000000000000071e+01 7.059309890630649065e+00
1.035000000000000142e+01 8.843700994128493420e+00
1.040000000000000036e+01 8.096482193147002349e+00
1.044999999999999929e+01 9.204945371558491019e+00
1.050000000000000000e+01 1.021908926515196292e+01
1.054999999999999893e+01 1.297749755144748107e+01
1.059999999999999964e+01 5.358176300942183445e+00
1.065000000000000036e+01 1.014854030608963420e+01
1.069999999999999929e+01 1.000466909196807919e+01
1.075000000000000000e+01 8.226833737775969269e+00
1.080000000000000071e+01 9.311047904506667194e+00
1.084999999999999964e+01 1.005282368795436376e+01
1.090000000000000036e+01 5.508246894333945320e+00
1.094999999999999929e+01 1.344329407082685179e+01
1.100000000000000000e+01 8.961092813564324189e+00
1.105000000000000071e+01 8.629535820721613959e+00
1.109999999999999964e+01 8.100942578778582259e+00
1.115000000000000036e+01 9.899338074042647762e+00
1.120000000000000107e+01 6.105518512869440251e+00
1.125000000000000000e+01 7.151017294408537950e+00
1.130000000000000071e+01 9.840604867216148577e+00
1.134999999999999964e+01 8.626229646547788121e+00
1.140000000000000036e+01 8.439551339958644149e+00
1.145000000000000107e+01 9.186842167030043527e+00
1.150000000000000000e+01 7.839575461296304226e+00
1.155000000000000071e+01 1.112776370645375756e+01
1.160000000000000142e+01 9.368176714204231814e+00
1.165000000000000036e+01 8.375797899499371368e+00
1.170000000000000107e+01 1.009524680084034287e+01
1.175000000000000000e+01 7.351511660955797112e+00
1.180000000000000071e+01 1.235096656799552228e+01
1.185000000000000142e+01 8.704969181910110265e+00
1.190000000000000036e+01 7.128069998230056825e+00
1.195000000000000107e+01 1.314779786169494358e+01
1.200000000000000000e+01 8.093837390759077266e+00
1.204999999999999893e+01 1.084993362492912716e+01
1.209999999999999964e+01 1.438197506767570033e+01
1.215000000000000036e+01 2.903377125481804377e+00
1.219999999999999929e+01 4.817200897512001312e+00
1.225000000000000000e+01 1.349581862948985389e+01
1.230000000000000071e+01 8.649464110160396402e+00
1.234999999999999964e+01 5.687276170010497012e+00
1.240000000000000036e+01 1.431237193001839714e+01
1.244999999999999929e+01 9.243436637961696789e+00
1.250000000000000000e+01 9.931825967375459641e+00
1.255000000000000071e+01 6.770282289409996324e+00
1.259999999999999964e+01 9.359550343977742770e+00
1.265000000000000036e+01 8.770615880323257230e+00
1.269999999999999929e+01 9.207201625335351025e+00
1.275000000000000000e+01 9.092885995231334562e+00
1.280000000000000071e+01 8.260689667710902739e+00
1.284999999999999964e+01 1.341504150635510406e+01
1.290000000000000036e+01 3.769991699677472496e+00
1.295000000000000107e+01 9.370232790077492879e+00
1.300000000000000000e+01 1.164658568966531682e+01
1.305000000000000071e+01 1.055878253841531311e+01
1.310000000000000142e+01 6.415856574991358308e+00
1.315000000000000036e+01 8.186222734267603940e+00
1.320000000000000107e+01 6.267925773739150053e+00
1.325000000000000000e+01 1.201345913237998531e+01
1.330000000000000071e+01 1.163805478080137945e+01
1.335000000000000142e+01 1.126056871008424842e+01
1.340000000000000036e+01 8.831826089082474240e+00
1.345000000000000107e+01 8.429516305618664163e+00
1.350000000000000000e+01 1.297731103969318589e+01
1.355000000000000071e+01 1.029808098223846713e+01
1.360000000000000142e+01 6.949793446218773596e+00
1.365000000000000036e+01 8.769451103698091998e+00
1.370000000000000107e+01 1.311267492265675827e+01
1.375000000000000178e+01 9.984927664148887771e+00
1.380000000000000071e+01 9.001149776323233098e+00
1.385000000000000142e+01 9.910907948793237665e+00
1.390000000000000213e+01 8.960289310560710874e+00
1.395000000000000107e+01 1.687221381393192843e+01
1.400000000000000178e+01 1.817760298548084563e+01
1.405000000000000071e+01 1.485455071216301803e+01
1.410000000000000142e+01 8.923226839782955722e+00
1.415000000000000213e+01 1.176583182646729675e+01
1.420000000000000107e+01 1.411970280319819260e+01
1.425000000000000178e+01 1.415865141671958938e+01
1.430000000000000071e+01 9.303190796031396204e+00
1.435000000000000142e+01 8.036720777315126796e+00
1.440000000000000213e+01 9.515793584146154060e+00
1.444999999999999929e+01 2.754347539241566167e+00
1.449999999999999822e+01 1.138087914739043072e+01
1.454999999999999893e+01 1.002594906775502892e+01
1.459999999999999964e+01 1.408401679677141161e+01
1.464999999999999858e+01 5.904652965936755038e+00
1.469999999999999929e+01 1.547475691528377340e+01
1.475000000000000000e+01 1.812808013961264919e+01
1.479999999999999893e+01 2.193794356944864177e+01
1.484999999999999964e+01 2.328800404896046672e+01
1.489999999999999858e+01 2.845545160508424232e+01
1.494999999999999929e+01 3.299300370040778319e+01
1.500000000000000000e+01 2.646587648988811026e+01
1.504999999999999893e+01 2.847086492561387772e+01
1.509999999999999964e+01 2.429014926757855264e+01
1.515000000000000036e+01 2.769331357475569888e+01
1.519999999999999929e+01 2.212477672197660539e+01
1.525000000000000000e+01 1.855757557234372968e+01
1.529999999999999893e+01 1.431916488914347596e+01
1.534999999999999964e+01 1.350322260872366797e+01
1.540000000000000036e+01 8.397221541910326437e+00
1.544999999999999929e+01 7.805356096191749415e+00
1.550000000000000000e+01 1.057055410852064092e+01
1.555000000000000071e+01 1.121359442776235227e+01
1.559999999999999964e+01 7.646776003737738137e+00
1.565000000000000036e+01 1.610372651392171406e+01
1.569999999999999929e+01 1.087928710728882287e+01
1.575000000000000000e+01 1.100093925245646176e+01
1.580000000000000071e+01 8.522118563713679151e+00
1.584999999999999964e+01 1.367411248632733312e+01
1.590000000000000036e+01 8.531527115044053033e+00
1.595000000000000107e+01 1.469225275449737467e+01
1.600000000000000000e+01 8.550601550806922191e+00
1.605000000000000071e+01 7.315869214615941196e+00
1.610000000000000142e+01 9.179925195514444525e+00
1.615000000000000213e+01 5.703935371921137865e+00
1.619999999999999929e+01 7.154153729988432353e+00
1.625000000000000000e+01 1.127187317844034631e+01
1.630000000000000071e+01 6.160923433652226500e+00
1.635000000000000142e+01 4.335289763071900282e+00
1.640000000000000213e+01 1.315307744619997266e+01
1.644999999999999929e+01 1.299336201469694707e+01
1.650000000000000000e+01 1.146062450608807382e+01
1.655000000000000071e+01 1.009294412106075534e+01
1.660000000000000142e+01 1.170580251335460531e+01
1.665000000000000213e+01 8.581816761826189577e+00
1.669999999999999929e+01 6.391292643610442248e+00
1.675000000000000000e+01 8.979134114350008744e+00
1.680000000000000071e+01 1.288040005830164603e+01
1.685000000000000142e+01 1.484122250769921081e+01
1.690000000000000213e+01 9.451310483939789009e+00
1.695000000000000284e+01 1.315773490352427899e+01
1.700000000000000000e+01 1.339861335410283694e+01
1.705000000000000071e+01 7.747167671636471020e+00
1.710000000000000142e+01 1.241242214009721323e+01
1.715000000000000213e+01 1.492494814728733843e+01
1.720000000000000284e+01 6.095402640392148186e+00
1.725000000000000000e+01 8.770680850989519328e+00
1.730000000000000071e+01 7.520376635380357833e+00
1.735000000000000142e+01 6.899317755163428600e+00
1.740000000000000213e+01 1.393678145177165995e+01
1.745000000000000284e+01 1.169691114290848510e+01
1.750000000000000000e+01 8.396676636505791436e+00
1.755000000000000071e+01 1.077139364173076608e+01
1.759999999999999787e+01 1.317875651689715255e+01
1.764999999999999858e+01 1.061459366290827866e+01
1.769999999999999929e+01 1.109246878473353348e+01
1.775000000000000000e+01 1.214743227715059604e+01
1.780000000000000071e+01 3.029896281703906347e+00
1.784999999999999787e+01 1.276815407190126983e+01
1.789999999999999858e+01 1.566127631144080468e+01
1.794999999999999929e+01 1.793709480739668649e+01
1.800000000000000000e+01 1.722733260886956685e+01
1.805000000000000071e+01 1.543259237192305022e+01
1.809999999999999787e+01 8.737491983149139330e+00
1.814999999999999858e+01 1.264871185063424974e+01
1.819999999999999929e+01 1.123569846380522286e+01
1.825000000000000000e+01 -3.673432897725792401e-01
1.830000000000000071e+01 1.270875209530861127e+01
1.835000000000000142e+01 9.908473874523163971e+00
1.839999999999999858e+01 7.740634072112907660e+00
1.844999999999999929e+01 1.231602711236778802e+01
1.850000000000000000e+01 8.284105006193232867e+00
1.855000000000000071e+01 7.132717398126692032e+00
1.860000000000000142e+01 7.112166215304404737e+00
1.864999999999999858e+01 1.175494974185731500e+01
1.869999999999999929e+01 9.177300277614337531e+00
1.875000000000000000e+01 5.918054979490170453e+00
1.880000000000000071e+01 9.324828424698480944e+00
1.885000000000000142e+01 8.966664464163015325e+00
1.889999999999999858e+01 6.426821126881666402e+00
1.894999999999999929e+01 1.221925651392683321e+01
1.900000000000000000e+01 8.850400572589744996e+00
1.905000000000000071e+01 1.364340098958421343e+01
1.910000000000000142e+01 9.380876319648567829e+00
1.914999999999999858e+01 1.454449467669622464e+01
1.919999999999999929e+01 1.470736760909559493e+01
1.925000000000000000e+01 1.313117420621406062e+01
1.930000000000000071e+01 1.027867625493836279e+01
1.935000000000000142e+01 1.037797079264464628e+01
1.940000000000000213e+01 1.071499290442224073e+01
1.944999999999999929e+01 1.152247848448183731e+01
1.950000000000000000e+01 8.746344749830416987e+00
1.955000000000000071e+01 1.088588626891683653e+01
1.960000000000000142e+01 5.915170688930467158e+00
1.965000000000000213e+01 1.487985571737378976e+01
1.969999999999999929e+01 2.011025200021227377e+01
1.975000000000000000e+01 2.806028687227432528e+01
1.980000000000000071e+01 2.369999192934863430e+01
1.985000000000000142e+01 3.527194261680890008e+01
1.990000000000000213e+01 4.625347754369371955e+01
1.995000000000000284e+01 4.996024223373014195e+01
2.000000000000000000e+01 5.595795536843169771e+01
2.005000000000000071e+01 6.266567854670935134e+01
2.010000000000000142e+01 4.519970037104299365e+01
2.015000000000000213e+01 3.959448518608908785e+01
2.020000000000000284e+01 2.873853053522866219e+01
2.025000000000000000e+01 1.884438347974757733e+01
2.030000000000000071e+01 2.274202271681086529e+01
2.035000000000000142e+01 1.476305859165477941e+01
2.040000000000000213e+01 1.058734494916796365e+01
2.045000000000000284e+01 8.499289627676875014e+00
2.050000000000000000e+01 1.095954038531797892e+01
2.055000000000000071e+01 1.447176839930165571e+01
2.060000000000000142e+01 6.385868037989430590e+00
2.065000000000000213e+01 1.238494443086247365e+01
2.070000000000000284e+01 8.532237004962228255e+00
2.075000000000000000e+01 1.055347616235188823e+01
2.080000000000000071e+01 1.355441744730010534e+01
2.084999999999999787e+01 9.513808255842242545e+00
2.089999999999999858e+01 1.131749829996821255e+01
2.094999999999999929e+01 1.152523137228001815e+01
2.100000000000000000e+01 1.759560271674887844e+01
2.105000000000000071e+01 1.245147775696754344e+01
2.109999999999999787e+01 1.043095625845663932e+01
2.114999999999999858e+01 1.638136716616924815e+01
2.119999999999999929e+01 1.263867010265764534e+01
2.125000000000000000e+01 1.510314941395820831e+01
2.130000000000000071e+01 1.012993551406580650e+01
2.134999999999999787e+01 1.471173599807136512e+01
2.139999999999999858e+01 1.003887022722237710e+01
2.144999999999999929e+01 1.096259948000812301e+01
2.150000000000000000e+01 1.063788079338693393e+01
2.155000000000000071e+01 1.736557296164503938e+01
2.160000000000000142e+01 9.932760421968351849e+00
2.164999999999999858e+01 9.011559407505647101e+00
2.169999999999999929e+01 8.106826612576423230e+00
2.175000000000000000e+01 1.389218222654619339e+01
2.180000000000000071e+01 1.005006801291121299e+01
2.185000000000000142e+01 1.573469912742883281e+01
2.189999999999999858e+01 1.692947954461652316e+01
2.194999999999999929e+01 1.147823320851702178e+01
2.200000000000000000e+01 1.371085911917238320e+01
2.205000000000000071e+01 1.590556064891510069e+01
2.210000000000000142e+01 1.697917624573946327e+01
2.214999999999999858e+01 1.850473553495477930e+01
2.219999999999999929e+01 1.487941025625075042e+01
2.225000000000000000e+01 9.550718542323032523e+00
2.230000000000000071e+01 1.709615627791101744e+01
2.235000000000000142e+01 1.451636101514838550e+01
2.240000000000000213e+01 1.581655902249688239e+01
2.244999999999999929e+01 1.563737973896162359e+01
2.250000000000000000e+01 1.548199391354985011e+01
2.255000000000000071e+01 1.697855382754976361e+01
2.260000000000000142e+01 1.876662585563257934e+01
2.265000000000000213e+01 8.978151300862286632e+00
2.269999999999999929e+01 1.918223781631965608e+01
2.275000000000000000e+01 7.104767270455752737e+00
2.280000000000000071e+01 1.775529842668986191e+01
2.285000000000000142e+01 2.149634911934150949e+01
2.290000000000000213e+01 1.837391458746177619e+01
2.294999999999999929e+01 1.892435926653399392e+01
2.300000000000000000e+01 1.548641160417924389e+01
2.305000000000000071e+01 1.692691494233167049e+01
2.310000000000000142e+01 1.447455346315540581e+01
2.315000000000000213e+01 1.367106444896065121e+01
2.320000000000000284e+01 1.385546196894889626e+01
2.325000000000000000e+01 1.771419058140117642e+01
2.330000000000000071e+01 1.459978022718074087e+01
2.335000000000000142e+01 1.651047062071924643e+01
2.340000000000000213e+01 2.050862585675671568e+01
2.345000000000000284e+01 1.634013159061884224e+01
2.350000000000000000e+01 1.932706330769307712e+01
2.355000000000000071e+01 1.323952708377290577e+01
2.360000000000000142e+01 2.158722400063356162e+01
2.365000000000000213e+01 1.574255577471146594e+01
2.370000000000000284e+01 1.858618276268501290e+01
2.375000000000000000e+01 1.429279952382199959e+01
2.380000000000000071e+01 1.381098258451181948e+01
2.385000000000000142e+01 2.090461857396995526e+01
2.390000000000000213e+01 2.030629598430178717e+01
2.395000000000000284e+01 1.506808427633883518e+01
2.400000000000000000e+01 1.904614912867854315e+01
2.405000000000000071e+01 1.926592610062424171e+01
2.409999999999999787e+01 1.733981796744727433e+01
2.414999999999999858e+01 1.206382043645947988e+01
2.419999999999999929e+01 1.701687504234769932e+01
2.425000000000000000e+01 1.365241509111862328e+01
2.430000000000000071e+01 1.446142363023742128e+01
2.434999999999999787e+01 1.821479158804028842e+01
2.439999999999999858e+01 1.814194781508812682e+01
2.444999999999999929e+01 2.098119836396073623e+01
2.450000000000000000e+01 1.556406445663763272e+01
2.455000000000000071e+01 1.851984582300770654e+01
2.460000000000000142e+01 2.545700929888313624e+01
2.464999999999999858e+01 2.661174138404202694e+01
2.469999999999999929e+01 2.901687348504438191e+01
2.475000000000000000e+01 3.474122654342144756e+01
2.480000000000000071e+01 4.512760556871970152e+01
2.485000000000000142e+01 6.065764282099288351e+01
2.489999999999999858e+01 7.041661509797634722e+01
2.494999999999999929e+01 7.811428436900489203e+01
2.500000000000000000e+01 8.901696870689197283e+01
2.505000000000000071e+01 8.645745850279958233e+01
2.510000000000000142e+01 6.877120163064071789e+01
2.514999999999999858e+01 5.937026265143587267e+01
2.519999999999999929e+01 4.422360122280033323e+01
2.525000000000000000e+01 3.511317905141893192e+01
2.530000000000000071e+01 2.585191612922471194e+01
2.535000000000000142e+01 2.357970282808525653e+01
2.539999999999999858e+01 1.999128929991189096e+01
2.544999999999999929e+01 1.932246501202354949e+01
2.550000000000000000e+01 1.830553282128418147e+01
2.555000000000000071e+01 1.525763841672853083e+01
2.560000000000000142e+01 1.369357391608583896e+01
2.565000000000000213e+01 1.409532277089338947e+01
2.569999999999999929e+01 1.425149186587657191e+01
2.575000000000000000e+01 1.761606820026339904e+01
2.580000000000000071e+01 2.126195305093458643e+01
2.585000000000000142e+01 1.624225232695090781e+01
2.590000000000000213e+01 1.535088387362293361e+01
2.594999999999999929e+01 1.758131695933851191e+01
2.600000000000000000e+01 1.763266647812064036e+01
2.605000000000000071e+01 1.460191186153491039e+01
2.610000000000000142e+01 1.950353425157340936e+01
2.615000000000000213e+01 1.698927116449884167e+01
2.620000000000000284e+01 1.424158984227990210e+01
2.625000000000000000e+01 1.569624698733096935e+01
2.630000000000000071e+01 1.377250359564544091e+01
2.635000000000000142e+01 1.831020901896644659e+01
2.640000000000000213e+01 1.413332346070450996e+01
2.645000000000000284e+01 2.258902880325072005e+01
2.650000000000000000e+01 1.313552076294477189e+01
2.655000000000000071e+01 1.181576358681170902e+01
2.660000000000000142e+01 1.449601407903132966e+01
2.665000000000000213e+01 1.646756438259607691e+01
2.670000000000000284e+01 2.047750493066970989e+01
2.675000000000000000e+01 2.244405202203983762e+01
2.680000000000000071e+01 1.539755558571641281e+01
2.685000000000000142e+01 1.465279866831125055e+01
2.690000000000000213e+01 9.890798946115708645e+00
2.695000000000000284e+01 2.071087771939544098e+01
2.700000000000000000e+01 1.221052641650651438e+01
2.705000000000000071e+01 1.561456137015258960e+01
2.710000000000000142e+01 1.196242410649749388e+01
2.715000000000000213e+01 1.852062176417644679e+01
2.720000000000000284e+01 1.356387577843072734e+01
2.725000000000000355e+01 1.140241806476660713e+01
2.730000000000000071e+01 1.074297816283780627e+01
2.735000000000000142e+01 1.719078508608817302e+01
2.740000000000000213e+01 1.406340631359392646e+01
2.745000000000000284e+01 1.833110858267816212e+01
2.750000000000000355e+01 1.296496446054180041e+01
2.755000000000000071e+01 1.234691324305797266e+01
2.760000000000000142e+01 1.895776020082378821e+01
2.765000000000000213e+01 1.242391466048641746e+01
2.770000000000000284e+01 1.178999726721458075e+01
2.775000000000000355e+01 1.811007305684695012e+01
2.780000000000000426e+01 1.995866879337938471e+01
2.785000000000000142e+01 1.424314653716734647e+01
2.790000000000000213e+01 1.662815740502529493e+01
2.795000000000000284e+01 1.595045106913969235e+01
2.800000000000000355e+01 1.449475317758986215e+01
2.805000000000000426e+01 1.485322660591397081e+01
2.810000000000000142e+01 1.345584235671491946e+01
2.815000000000000213e+01 2.148352858319945469e+01
2.820000000000000284e+01 1.485534086197072945e+01
2.825000000000000355e+01 1.422025891588200253e+01
2.830000000000000426e+01 1.232653942177674722e+01
2.835000000000000142e+01 1.063371890247727514e+01
2.840000000000000213e+01 1.141440911220479393e+01
2.845000000000000284e+01 1.358976562809987954e+01
2.850000000000000355e+01 1.350263575875811561e+01
2.855000000000000426e+01 1.404448293939589121e+01
2.860000000000000142e+01 1.061613773946640649e+01
2.865000000000000213e+01 9.060389979856340759e+00
2.870000000000000284e+01 1.798105218845129372e+01
2.875000000000000355e+01 1.439771320613977323e+01
2.880000000000000426e+01 9.263752887447378015e+00
2.884999999999999787e+01 1.355191705717388650e+01
2.889999999999999858e+01 1.608731319147599592e+01
2.894999999999999929e+01 8.722842389879033931e+00
2.899999999999999645e+01 7.458723209458503867e+00
2.904999999999999716e+01 1.360419871427482974e+01
2.909999999999999787e+01 8.139035622916061641e+00
2.914999999999999858e+01 1.381166639220003134e+01
2.919999999999999929e+01 1.164069069047086913e+01
2.925000000000000000e+01 1.093306676673922162e+01
2.929999999999999716e+01 1.300235669145027551e+01
2.934999999999999787e+01 1.383756301731967753e+01
2.939999999999999858e+01 1.899514790888232341e+01
2.944999999999999929e+01 1.464886898846418006e+01
2.950000000000000000e+01 1.711109527451906587e+01
2.954999999999999716e+01 1.120778015556208729e+01
2.959999999999999787e+01 1.120407218884555078e+01
2.964999999999999858e+01 1.146870690893910094e+01
2.969999999999999929e+01 7.455970774606372586e+00
2.975000000000000000e+01 1.143873806054231856e+01
2.979999999999999716e+01 1.479199745043081293e+01
2.984999999999999787e+01 1.318505048882204456e+01
2.989999999999999858e+01 1.140449851671444748e+01
2.994999999999999929e+01 8.611254565148264817e+00
3.000000000000000000e+01 9.916772781751564736e+00
3.004999999999999716e+01 8.237086108197161138e+00
3.009999999999999787e+01 7.846548314700155125e+00
3.014999999999999858e+01 5.863088594937764242e+00
3.019999999999999929e+01 8.534057453087058320e+00
3.025000000000000000e+01 1.337434430244264583e+01
3.030000000000000071e+01 1.303029728633848450e+01
3.034999999999999787e+01 1.019859758037284081e+01
3.039999999999999858e+01 1.416618973117306801e+01
3.044999999999999929e+01 1.457986408779848375e+01
3.050000000000000000e+01 1.118849059314984729e+01
3.055000000000000071e+01 8.846014902539547364e+00
3.059999999999999787e+01 1.452876454912736648e+01
3.064999999999999858e+01 1.066237423538335527e+01
3.069999999999999929e+01 6.648204970972322769e+00
3.075000000000000000e+01 1.045490461707020202e+01
3.080000000000000071e+01 1.536743828389754540e+01
3.085000000000000142e+01 1.164900706226458738e+01
3.089999999999999858e+01 1.406476864008228489e+01
3.094999999999999929e+01 1.089870691857868401e+01
3.100000000000000000e+01 2.981668868068421574e+00
3.105000000000000071e+01 1.234928157997905807e+01
3.110000000000000142e+01 9.729432589991006353e+00
3.114999999999999858e+01 5.360616915119090109e+00
3.119999999999999929e+01 1.021319618455281741e+01
3.125000000000000000e+01 1.388982603947690109e+01
3.130000000000000071e+01 9.514987207327397556e+00
3.135000000000000142e+01 1.264380174115022015e+01
3.139999999999999858e+01 1.125779352455161053e+01
3.144999999999999929e+01 1.181803787069868505e+01
3.150000000000000000e+01 1.142163977203095904e+01
3.155000000000000071e+01 3.728845903778555737e+00
3.160000000000000142e+01 1.647521195946193018e+01
3.164999999999999858e+01 9.774278610298905434e+00
3.169999999999999929e+01 9.976567445999872774e+00
3.175000000000000000e+01 1.160784116894395801e+01
3.180000000000000071e+01 1.579930865944293039e+01
3.185000000000000142e+01 8.165043355804947112e+00
3.190000000000000213e+01 7.519192053615284088e+00
3.194999999999999929e+01 9.133499203236475239e+00
3.200000000000000000e+01 1.008023770018580834e+01
3.204999999999999716e+01 7.601187261200488265e+00
3.210000000000000142e+01 6.648850883132532807e+00
3.214999999999999858e+01 1.521007364953653607e+01
3.220000000000000284e+01 1.238435088944715190e+01
3.225000000000000000e+01 1.371274897086688327e+01
3.230000000000000426e+01 1.139904659167096312e+01
3.235000000000000142e+01 8.873804338960935567e+00
3.239999999999999858e+01 1.193871735296682246e+01
3.245000000000000284e+01 4.990649834316892353e+00
3.250000000000000000e+01 9.714198046714280110e+00
3.255000000000000426e+01 7.841458349052853549e+00
3.260000000000000142e+01 1.152033250748752380e+01
3.264999999999999858e+01 1.441612499047677076e+01
3.270000000000000284e+01 1.324018752286013267e+01
3.275000000000000000e+01 8.704044621634139389e+00
3.280000000000000426e+01 8.768643126453966374e+00
3.285000000000000142e+01 1.849008937794268448e+00
3.289999999999999858e+01 1.695366435976326258e+01
3.295000000000000284e+01 1.147200184096091924e+01
3.300000000000000000e+01 2.450329866729761719e+00
3.305000000000000426e+01 7.953720275149469110e+00
3.310000000000000142e+01 1.222750147895925821e+01
3.314999999999999858e+01 7.814934387829760354e+00
3.320000000000000284e+01 4.974403028212139866e+00
3.325000000000000000e+01 9.696163286198135722e+00
3.330000000000000426e+01 1.157092412507694945e+01
3.335000000000000142e+01 7.672221669651076326e+00
3.339999999999999858e+01 9.980057889791741133e+00
3.345000000000000284e+01 9.088273640998263403e+00
3.350000000000000000e+01 4.172463307489636009e+00
3.355000000000000426e+01 8.848481881581815145e+00
3.360000000000000142e+01 1.230407506697277498e+01
3.365000000000000568e+01 1.030335388823832510e+01
3.370000000000000284e+01 6.843096932252673348e+00
3.375000000000000000e+01 1.211155942204932501e+01
3.380000000000000426e+01 8.020190234718496569e+00
3.385000000000000142e+01 1.210543763894322389e+01
3.390000000000000568e+01 1.135923032826099544e+01
3.395000000000000284e+01 1.100212700934431354e+01
3.400000000000000000e+01 9.753832584799079441e+00
3.405000000000000426e+01 1.292914604477699925e+01
3.410000000000000142e+01 8.236905372747186149e+00
3.415000000000000568e+01 9.014192110529485547e+00
3.420000000000000284e+01 1.014313611394560866e+01
3.425000000000000000e+01 9.208931851925683532e+00
3.430000000000000426e+01 1.293526485890407152e+01
3.435000000000000142e+01 1.160742867129365408e+01
3.440000000000000568e+01 8.501484149561115089e+00
3.445000000000000284e+01 6.242780786144013661e+00
3.450000000000000000e+01 1.053015497073328000e+01
3.455000000000000426e+01 6.698446490850323620e+00
3.460000000000000142e+01 9.207593922498727324e+00
3.465000000000000568e+01 1.263363501127955857e+01
3.470000000000000284e+01 1.216734830889544661e+01
3.475000000000000000e+01 1.052120823822778206e+01
3.480000000000000426e+01 6.321073832752572841e+00
3.485000000000000142e+01 8.124178073356798535e+00
3.490000000000000568e+01 3.603976797318492409e+00
3.495000000000000284e+01 1.098582997547273976e+01
3.500000000000000000e+01 1.286916957561816055e+01
3.505000000000000426e+01 8.711126588640782487e+00
3.510000000000000142e+01 1.297385458618972365e+01
3.515000000000000568e+01 9.860367497107569434e+00
3.519999999999999574e+01 9.127348142601020342e+00
3.525000000000000000e+01 8.944128791681013269e+00
3.529999999999999716e+01 1.364674699656731072e+01
3.535000000000000142e+01 7.201715329383127084e+00
3.539999999999999858e+01 1.216877051575177049e+01
3.544999999999999574e+01 1.313317461068138314e+01
3.550000000000000000e+01 1.279462588753775165e+01
3.554999999999999716e+01 1.234012493838200442e+01
3.560000000000000142e+01 1.009161686483243514e+01
3.564999999999999858e+01 1.018599811759702689e+01
3.569999999999999574e+01 6.161777682979263204e+00
3.575000000000000000e+01 7.360949826782838379e+00
3.579999999999999716e+01 1.047558660725538893e+01
3.585000000000000142e+01 1.159752455796185089e+01
3.589999999999999858e+01 1.637459111367737918e+01
3.594999999999999574e+01 7.144085797259442927e+00
3.600000000000000000e+01 4.563113476853631667e+00
3.604999999999999716e+01 1.106089794622332434e+01
3.610000000000000142e+01 7.907162527997352086e+00
3.614999999999999858e+01 6.597322322288323271e+00
3.619999999999999574e+01 1.107990962627815179e+01
3.625000000000000000e+01 8.768743711253476292e+00
3.629999999999999716e+01 1.573448592019066083e+01
3.635000000000000142e+01 6.116916555394031896e+00
3.639999999999999858e+01 1.191804137671998021e+01
3.644999999999999574e+01 9.518821240952693330e+00
3.650000000000000000e+01 1.024099701428448661e+01
3.654999999999999716e+01 1.135272772833123156e+01
3.660000000000000142e+01 1.190440409836886815e+01
3.664999999999999858e+01 7.483013747389593462e+00
3.670000000000000284e+01 1.029119040214907876e+01
3.675000000000000000e+01 1.208563708671734815e+01
3.679999999999999716e+01 1.039054734142595748e+01
3.685000000000000142e+01 7.337920454857126629e+00
3.689999999999999858e+01 8.893151393285641859e+00
3.695000000000000284e+01 1.466195088363511267e+01
3.700000000000000000e+01 9.583462460697175445e+00
3.704999999999999716e+01 1.089627300037851576e+01
3.710000000000000142e+01 1.192456099812225823e+01
3.714999999999999858e+01 9.522186548550770624e+00
3.720000000000000284e+01 4.824767142695922217e+00
3.725000000000000000e+01 1.536706988520523254e+01
3.729999999999999716e+01 1.229360405541389767e+01
3.735000000000000142e+01 1.097232622751540276e+01
3.739999999999999858e+01 1.021222933804839350e+01
3.745000000000000284e+01 1.232695075340322788e+01
3.750000000000000000e+01 6.132117446557296070e+00
3.754999999999999716e+01 1.519813851927344928e+01
3.760000000000000142e+01 1.046302373088922266e+01
3.764999999999999858e+01 1.285247132004919024e+01
3.770000000000000284e+01 8.501170437773751587e+00
3.775000000000000000e+01 9.353490870590146500e+00
3.779999999999999716e+01 8.600592840355567148e+00
3.785000000000000142e+01 1.331897505184483066e+01
3.789999999999999858e+01 1.061492027272576699e+01
3.795000000000000284e+01 1.041159312962328443e+01
3.800000000000000000e+01 1.011525055291084385e+01
3.804999999999999716e+01 1.044161976907304634e+01
3.810000000000000142e+01 8.149267989130001055e+00
3.814999999999999858e+01 9.447845470060915574e+00
3.820000000000000284e+01 1.494213203059743122e+01
3.825000000000000000e+01 5.907357003906674286e+00
3.829999999999999716e+01 1.046325059651235989e+01
3.835000000000000142e+01 8.031706599624959253e+00
3.839999999999999858e+01 9.755142746114970009e+00
3.845000000000000284e+01 1.228472291592965426e+01
3.850000000000000000e+01 1.066484012674267312e+01
3.855000000000000426e+01 4.777137309723125114e+00
3.860000000000000142e+01 8.945654506521147908e+00
3.864999999999999858e+01 1.511328691004205105e+01
3.870000000000000284e+01 8.705029532822074145e+00
3.875000000000000000e+01 1.196567958433299417e+01
3.880000000000000426e+01 7.151154134432427867e+00
3.885000000000000142e+01 9.596560797874314375e+00
3.889999999999999858e+01 7.498071998315109177e+00
3.895000000000000284e+01 8.176050790537823687e+00
3.900000000000000000e+01 8.390207200430653600e+00
3.905000000000000426e+01 1.267873316769716752e+01
3.910000000000000142e+01 1.030058736933910879e+01
3.914999999999999858e+01 9.810508121524165404e+00
3.920000000000000284e+01 9.278609454236763199e+00
3.925000000000000000e+01 8.757489587908095174e+00
3.930000000000000426e+01 6.749147522297086255e+00
3.935000000000000142e+01 3.973251502013841474e+00
3.939999999999999858e+01 6.390556993630737814e+00
3.945000000000000284e+01 9.671476340593425647e+00
3.950000000000000000e+01 1.591309506897546910e+01
3.955000000000000426e+01 1.122860617496371738e+01
3.960000000000000142e+01 1.121069238367341292e+01
3.964999999999999858e+01 9.414972100083586426e+00
3.970000000000000284e+01 6.707420513720298239e+00
3.975000000000000000e+01 1.043194531890817345e+01
3.980000000000000426e+01 1.134909623227243003e+01
3.985000000000000142e+01 8.866802987840214811e+00
3.990000000000000568e+01 1.382688079615595278e+01
3.995000000000000284e+01 1.005597538523689671e+01
4.000000000000000000e+01 1.188197000831000949e+01
4.005000000000000426e+01 4.048244974643103511e+00
4.010000000000000142e+01 8.984115749519132166e+00
4.015000000000000568e+01 6.796465157032272053e+00
4.020000000000000284e+01 1.403571261436723816e+01
4.025000000000000000e+01 1.113558982663359309e+01
4.030000000000000426e+01 9.671147081360595976e+00
4.035000000000000142e+01 1.060525816118537890e+01
4.040000000000000568e+01 6.991392004945566896e+00
4.045000000000000284e+01 4.830163181577662890e+00
4.050000000000000000e+01 1.504320203172787096e+01
4.055000000000000426e+01 1.390507794234369143e+01
4.060000000000000142e+01 1.002484406485744373e+01
4.065000000000000568e+01 5.296908029687565467e+00
4.070000000000000284e+01 8.486727339362223788e+00
4.075000000000000000e+01 9.238658172447800965e+00
4.080000000000000426e+01 1.228051575648692051e+01
4.085000000000000142e+01 5.063169892264700600e+00
4.090000000000000568e+01 1.283756770792390434e+01
4.095000000000000284e+01 1.179192750524317645e+01
4.100000000000000000e+01 1.010769892755581800e+01
4.105000000000000426e+01 1.032542682717010329e+01
4.110000000000000142e+01 1.033810463780531030e+01
4.115000000000000568e+01 1.382563254194192126e+01
4.120000000000000284e+01 5.617294294011367484e+00
4.125000000000000000e+01 1.450749074993031229e+01
4.130000000000000426e+01 1.008203890154019788e+01
4.135000000000000142e+01 1.102617215222377212e+01
4.140000000000000568e+01 7.891787267847833576e+00
4.145000000000000284e+01 9.055083532485753040e+00
4.150000000000000000e+01 4.461311766724541883e+00
4.155000000000000426e+01 8.189544305563471127e+00
4.160000000000000142e+01 5.400029760336653162e+00
4.164999999999999858e+01 1.258872793080229968e+01
4.169999999999999574e+01 1.213387733231891374e+01
4.175000000000000000e+01 1.097704890777994180e+01
4.179999999999999716e+01 1.080354435631017473e+01
4.185000000000000142e+01 9.810352348455333882e+00
4.189999999999999858e+01 1.696677763982798126e+01
4.194999999999999574e+01 8.224060448378146759e+00
4.200000000000000000e+01 9.787512582331803657e+00
4.204999999999999716e+01 1.171978494286875261e+01
4.210000000000000142e+01 1.136002306731194977e+01
4.214999999999999858e+01 1.067910817188706751e+01
4.219999999999999574e+01 1.220595243581466249e+01
4.225000000000000000e+01 8.635468546721632777e+00
4.229999999999999716e+01 1.211503828503452240e+01
4.235000000000000142e+01 7.577355993962958891e+00
4.239999999999999858e+01 1.361195855860138337e+01
4.244999999999999574e+01 8.580387290514938314e+00
4.250000000000000000e+01 1.419902476189133722e+01
4.254999999999999716e+01 1.275084997553547872e+01
4.260000000000000142e+01 9.489807564440107868e+00
4.264999999999999858e+01 8.443745897585388960e+00
4.269999999999999574e+01 1.141809453928454943e+01
4.275000000000000000e+01 1.063007308408347562e+01
4.279999999999999716e+01 1.446847676916544145e+01
4.285000000000000142e+01 1.356104828691172237e+01
4.289999999999999858e+01 1.260945274065558408e+01
4.295000000000000284e+01 1.345506286356608427e+01
4.300000000000000000e+01 9.545516373355239281e+00
4.304999999999999716e+01 9.975284270408337761e+00
4.310000000000000142e+01 1.249544603765687967e+01
4.314999999999999858e+01 6.552769506652963649e+00
4.320000000000000284e+01 1.130195848713248985e+01
4.325000000000000000e+01 1.033722850090181744e+01
4.329999999999999716e+01 1.102505954854069259e+01
4.335000000000000142e+01 1.417982899791470253e+01
4.339999999999999858e+01 2.814077767236297767e+00
4.345000000000000284e+01 3.972773304251651538e+00
4.350000000000000000e+01 1.429005133075723855e+01
4.354999999999999716e+01 9.792523390601179045e+00
4.360000000000000142e+01 8.809886749629136204e+00
4.364999999999999858e+01 1.305670571489313048e+01
4.370000000000000284e+01 1.039670612526955118e+01
4.375000000000000000e+01 9.653645172861702761e+00
4.379999999999999716e+01 1.109920337279368319e+01
4.385000000000000142e+01 1.018669919763254939e+01
4.389999999999999858e+01 9.008053428851599875e+00
4.395000000000000284e+01 1.030066847751715287e+01
4.400000000000000000e+01 9.682526100509829092e+00
4.404999999999999716e+01 1.121902337900267455e+01
4.410000000000000142e+01 7.323053794590301813e+00
4.414999999999999858e+01 1.193218031224208708e+01
4.420000000000000284e+01 9.115624010916913988e+00
4.425000000000000000e+01 1.064186110222060400e+01
4.429999999999999716e+01 8.707223211302693500e+00
4.435000000000000142e+01 1.451388394261262249e+01
4.439999999999999858e+01 4.569883729863157384e+00
4.445000000000000284e+01 1.343199103719716447e+01
4.450000000000000000e+01 1.176448344228965581e+01
4.454999999999999716e+01 1.325973608257362812e+01
4.460000000000000142e+01 1.150403488551545905e+01
4.464999999999999858e+01 1.514663751536966352e+01
4.470000000000000284e+01 1.428102228510970306e+01
4.475000000000000000e+01 1.014435930258352236e+01
4.480000000000000426e+01 1.098224128823552270e+01
4.485000000000000142e+01 9.466101694674339484e+00
4.489999999999999858e+01 1.204717837448196249e+01
4.495000000000000284e+01 1.157688107430325708e+01
4.500000000000000000e+01 1.038670938163715007e+01
4.505000000000000426e+01 6.280401539684764778e+00
4.510000000000000142e+01 8.829229391709221275e+00
4.514999999999999858e+01 1.096700010175089446e+01
4.520000000000000284e+01 1.018260574823245612e+01
4.525000000000000000e+01 1.186088682160476182e+01
4.530000000000000426e+01 1.347015484143036090e+01
4.535000000000000142e+01 1.312740695388914958e+01
4.539999999999999858e+01 1.135384516029793822e+01
4.545000000000000284e+01 5.015338636786952797e+00
4.550000000000000000e+01 1.033719125573395203e+01
4.555000000000000426e+01 7.697765213788936300e+00
4.560000000000000142e+01 1.376474977541613498e+01
4.564999999999999858e+01 6.098928272211969315e+00
4.570000000000000284e+01 9.032964581614626454e+00
4.575000000000000000e+01 9.938010668097721378e+00
4.580000000000000426e+01 1.145975080407817615e+01
4.585000000000000142e+01 1.377657866491331795e+01
4.589999999999999858e+01 9.272772808322017113e+00
4.595000000000000284e+01 6.699380038599267451e+00
4.600000000000000000e+01 1.338471877029743418e+01
4.605000000000000426e+01 1.147383537278827248e+01
4.610000000000000142e+01 3.858296209768829144e+00
4.615000000000000568e+01 6.037648507921483443e+00
4.620000000000000284e+01 1.310107528965039414e+01
4.625000000000000000e+01 1.163228792912608434e+01
4.630000000000000426e+01 1.130193134413493539e+01
4.635000000000000142e+01 6.619896913335272970e+00
4.640000000000000568e+01 9.764617622230341354e+00
4.645000000000000284e+01 9.400904726390656663e+00
4.650000000000000000e+01 1.301076684519239102e+01
4.655000000000000426e+01 6.553715738500407006e+00
4.660000000000000142e+01 1.120990967448513942e+01
4.665000000000000568e+01 6.575702832757945870e+00
4.670000000000000284e+01 1.040444879577401416e+01
4.675000000000000000e+01 9.628275383937635823e+00
4.680000000000000426e+01 4.939642990293866553e+00
4.685000000000000142e+01 1.277760490578035402e+01
4.690000000000000568e+01 1.037440044120149807e+01
4.695000000000000284e+01 1.411231752151975627e+01
4.700000000000000000e+01 1.451826004614514076e+01
4.705000000000000426e+01 7.799222874151153562e+00
4.710000000000000142e+01 8.143198747774809121e+00
4.715000000000000568e+01 1.030973451912369576e+01
4.720000000000000284e+01 1.270410077323645304e+01
4.725000000000000000e+01 1.147621255168960630e+01
4.730000000000000426e+01 8.362945153609103954e+00
4.735000000000000142e+01 1.700208980624585919e+01
4.740000000000000568e+01 8.383325522794466522e+00
4.745000000000000284e+01 1.321705496709464356e+01
4.750000000000000000e+01 6.692592673746111664e+00
4.755000000000000426e+01 1.221566758385652740e+01
4.760000000000000142e+01 3.450586005529688194e+00
4.765000000000000568e+01 1.326205948737869633e+01
4.770000000000000284e+01 1.149058945013179667e+01
4.775000000000000000e+01 9.080250519899925266e+00
4.780000000000000426e+01 1.105547013058802364e+01
4.785000000000000142e+01 1.594958868110060024e+01
4.790000000000000568e+01 1.013359407171580351e+01
4.795000000000000284e+01 9.569060070926585837e+00
4.800000000000000000e+01 1.424042593164229054e+01
4.804999999999999716e+01 1.268693094921279041e+01
4.810000000000000142e+01 9.775454492745641488e+00
4.814999999999999858e+01 1.182046604041937421e+01
4.819999999999999574e+01 1.665601144621927432e+01
4.825000000000000000e+01 1.323803929567150561e+01
4.829999999999999716e+01 1.168693381664000874e+01
4.835000000000000142e+01 9.810953709938274869e+00
4.839999999999999858e+01 1.432859797867248730e+01
4.844999999999999574e+01 1.432753021906673396e+01
4.850000000000000000e+01 1.215088801963179499e+01
4.854999999999999716e+01 9.038097805745451296e+00
4.860000000000000142e+01 9.826918360007395492e+00
4.864999999999999858e+01 1.171862404349759501e+01
4.869999999999999574e+01 8.093833541732575299e+00
4.875000000000000000e+01 4.048068383581560070e+00
4.879999999999999716e+01 5.767901339540388861e+00
4.885000000000000142e+01 9.811334761078857269e+00
4.889999999999999858e+01 6.966763555725090207e+00
4.894999999999999574e+01 8.090854986092542944e+00
4.900000000000000000e+01 1.314249987774224593e+01
4.904999999999999716e+01 1.034635871123533235e+01
4.910000000000000142e+01 1.511467978604585127e+01
4.914999999999999858e+01 9.802767386591465737e+00
4.920000000000000284e+01 4.782538795178308710e+00
4.925000000000000000e+01 1.013918034928111922e+01
4.929999999999999716e+01 1.504215423548502173e+01
4.935000000000000142e+01 1.211182419970053914e+01
4.939999999999999858e+01 1.210486577641783157e+01
4.945000000000000284e+01 8.944214147181190455e+00
4.950000000000000000e+01 1.307155796592305208e+01
4.954999999999999716e+01 8.882093454380887820e+00
4.960000000000000142e+01 8.815120604991617981e+00
4.964999999999999858e+01 1.050528537344789193e+01
4.970000000000000284e+01 1.234896132574879957e+01
4.975000000000000000e+01 1.035964901064119204e+01
4.979999999999999716e+01 1.189313781411123827e+01
4.985000000000000142e+01 7.509530705691937591e+00
4.989999999999999858e+01 8.888701493428033729e+00
4.995000000000000284e+01 1.364313898042101769e+01
5.000000000000000000e+01 1.315965502219863836e+01
