# Scan Data
# 01/29/12
10.0     41
10.02    45
10.04    55
10.06    55
10.08    43
10.1     48
10.12    39
10.14    37
10.16    56
10.18    44
10.2     52
10.22    42
10.24    52
10.26    46
10.28    39
10.3     44
10.32    43
10.34    34
10.36    47
10.38    41
10.4     38
10.42    34
10.44    42
10.46    47
10.48    42
10.5     34
10.52    36
10.54    40
10.56    40
10.58    45
10.6     40
10.62    42
10.64    33
10.66    35
10.68    44
10.7     45
10.72    47
10.74    49
10.76    40
10.78    48
10.8     47
10.82    50
10.84    27
10.86    43
10.88    40
10.9     54
10.92    44
10.94    42
10.96    39
10.98    43
11.0     47
11.02    52
11.04    47
11.06    38
11.08    40
11.1     47
11.12    41
11.14    38
11.16    46
11.18    46
11.2     46
11.22    48
11.24    49
11.26    45
11.28    32
11.3     42
11.32    36
11.34    37
11.36    56
11.38    51
11.4     55
11.42    36
11.44    42
11.46    30
11.48    44
11.5     22
11.52    42
11.54    32
11.56    41
11.58    50
11.6     38
11.62    45
11.64    49
11.66    57
11.68    35
11.7     47
11.72    39
11.74    33
11.76    49
11.78    38
11.8     46
11.82    43
11.84    39
11.86    40
11.88    52
11.9     43
11.92    40
11.94    39
11.96    38
11.98    51
12.0     43
12.02    36
12.04    39
12.06    51
12.08    46
12.1     50
12.12    37
12.14    48
12.16    49
12.18    56
12.2     38
12.22    36
12.24    55
12.26    44
12.28    51
12.3     59
12.32    37
12.34    35
12.36    58
12.38    51
12.4     58
12.42    47
12.44    52
12.46    50
12.48    44
12.5     35
12.52    53
12.54    59
12.56    47
12.58    42
12.6     41
12.62    62
12.64    49
12.66    41
12.68    48
12.7     42
12.72    38
12.74    46
12.76    39
12.78    48
12.8     52
12.82    41
12.84    38
12.86    48
12.88    55
12.9     38
12.92    59
12.94    43
12.96    40
12.98    37
13.0     48
13.02    46
13.04    58
13.06    50
13.08    41
13.1     46
13.12    52
13.14    55
13.16    44
13.18    43
13.2     55
13.22    46
13.24    46
13.26    48
13.28    46
13.3     67
13.32    59
13.34    58
13.36    67
13.38    50
13.4     57
13.42    51
13.44    45
13.46    57
13.48    53
13.5     62
13.52    58
13.54    50
13.56    52
13.58    59
13.6     70
13.62    63
13.64    77
13.66    75
13.68    66
13.7     75
13.72    65
13.74    65
13.76    72
13.78    77
13.8     69
13.82    78
13.84    72
13.86    66
13.88    63
13.9     54
13.92    64
13.94    56
13.96    60
13.98    55
14.0     47
14.02    55
14.04    51
14.06    47
14.08    54
14.1     43
14.12    46
14.14    36
14.16    50
14.18    36
14.2     37
14.22    36
14.24    40
14.26    44
14.28    57
14.3     39
14.32    37
14.34    42
14.36    45
14.38    41
14.4     41
14.42    42
14.44    43
14.46    49
14.48    47
14.5     49
14.52    44
14.54    44
14.56    40
14.58    34
14.6     56
14.62    55
14.64    33
14.66    42
14.68    57
14.7     39
14.72    43
14.74    55
14.76    49
14.78    35
14.8     44
14.82    57
14.84    46
14.86    52
14.88    41
14.9     58
14.92    47
14.94    38
14.96    67
14.98    49
15.0     63
15.02    74
15.04    84
15.06    82
15.08    82
15.1     77
15.12    55
15.14    51
15.16    50
15.18    54
15.2     34
15.22    55
15.24    61
15.26    48
15.28    46
15.3     38
15.32    49
15.34    48
15.36    41
15.38    48
15.4     47
15.42    55
15.44    49
15.46    44
15.48    46
15.5     50
15.52    48
15.54    44
15.56    51
15.58    35
15.6     49
15.62    54
15.64    57
15.66    52
15.68    58
15.7     60
15.72    63
15.74    56
15.76    36
15.78    55
15.8     47
15.82    52
15.84    53
15.86    55
15.88    49
15.9     51
15.92    45
15.94    57
15.96    62
15.98    45
16.0     53
16.02    47
16.04    42
16.06    68
16.08    45
16.1     53
16.12    55
16.14    41
16.16    51
16.18    50
16.2     56
16.22    49
16.24    55
16.26    55
16.28    53
16.3     39
16.32    54
16.34    55
16.36    57
16.38    59
16.4     48
16.42    56
16.44    57
16.46    53
16.48    61
16.5     58
16.52    51
16.54    58
16.56    63
16.58    53
16.6     60
16.62    44
16.64    69
16.66    45
16.68    58
16.7     58
16.72    58
16.74    62
16.76    68
16.78    55
16.8     57
16.82    54
16.84    53
16.86    64
16.88    63
16.9     56
16.92    53
16.94    61
16.96    59
16.98    44
17.0     61
17.02    52
17.04    65
17.06    67
17.08    52
17.1     49
17.12    58
17.14    64
17.16    58
17.18    63
17.2     60
17.22    61
17.24    71
17.26    53
17.28    63
17.3     42
17.32    59
17.34    57
17.36    74
17.38    62
17.4     71
17.42    49
17.44    64
17.46    64
17.48    52
17.5     65
17.52    60
17.54    55
17.56    60
17.58    67
17.6     71
17.62    74
17.64    63
17.66    74
17.68    64
17.7     71
17.72    51
17.74    55
17.76    62
17.78    70
17.8     52
17.82    51
17.84    59
17.86    61
17.88    67
17.9     70
17.92    70
17.94    63
17.96    57
17.98    68
18.0     66
18.02    67
18.04    51
18.06    65
18.08    59
18.1     64
18.12    73
18.14    60
18.16    65
18.18    75
18.2     69
18.22    65
18.24    61
18.26    71
18.28    71
18.3     61
18.32    58
18.34    87
18.36    72
18.38    65
18.4     62
18.42    65
18.44    64
18.46    61
18.48    54
18.5     72
18.52    71
18.54    66
18.56    84
18.58    60
18.6     56
18.62    66
18.64    67
18.66    54
18.68    77
18.7     72
18.72    87
18.74    74
18.76    82
18.78    79
18.8     76
18.82    80
18.84    68
18.86    74
18.88    76
18.9     89
18.92    72
18.94    81
18.96    83
18.98    79
19.0     79
19.02    80
19.04    61
19.06    68
19.08    79
19.1     80
19.12    77
19.14    74
19.16    66
19.18    78
19.2     79
19.22    70
19.24    105
19.26    96
19.28    83
19.3     83
19.32    93
19.34    87
19.36    95
19.38    109
19.4     84
19.42    88
19.44    83
19.46    65
19.48    84
19.5     85
19.52    72
19.54    55
19.56    75
19.58    59
19.6     77
19.62    82
19.64    82
19.66    69
19.68    66
19.7     93
19.72    82
19.74    84
19.76    74
19.78    83
19.8     86
19.82    84
19.84    80
19.86    79
19.88    90
19.9     99
19.92    71
19.94    89
19.96    82
19.98    81
20.0     78
20.02    91
20.04    87
20.06    83
20.08    74
20.1     82
20.12    89
20.14    88
20.16    88
20.18    80
20.2     79
20.22    91
20.24    83
20.26    83
20.28    87
20.3     99
20.32    83
20.34    86
20.36    90
20.38    88
20.4     111
20.42    94
20.44    99
20.46    102
20.48    87
20.5     95
20.52    108
20.54    86
20.56    105
20.58    84
20.6     112
20.62    104
20.64    114
20.66    117
20.68    104
20.7     121
20.72    135
20.74    146
20.76    174
20.78    195
20.8     230
20.82    255
20.84    296
20.86    248
20.88    277
20.9     237
20.92    214
20.94    228
20.96    216
20.98    232
21.0     273
21.02    293
21.04    304
21.06    319
21.08    248
21.1     216
21.12    151
21.14    122
21.16    112
21.18    102
21.2     119
21.22    93
21.24    101
21.26    103
21.28    108
21.3     101
21.32    107
21.34    79
21.36    83
21.38    88
21.4     110
21.42    91
21.44    99
21.46    98
21.48    91
21.5     100
21.52    89
21.54    93
21.56    95
21.58    107
21.6     117
21.62    109
21.64    120
21.66    114
21.68    101
21.7     130
21.72    111
21.74    103
21.76    113
21.78    102
21.8     120
21.82    119
21.84    133
21.86    142
21.88    176
21.9     187
21.92    167
21.94    198
21.96    294
21.98    294
22.0     296
22.02    246
22.04    232
22.06    186
22.08    145
22.1     134
22.12    118
22.14    120
22.16    124
22.18    113
22.2     137
22.22    133
22.24    106
22.26    114
22.28    102
22.3     129
22.32    113
22.34    104
22.36    114
22.38    139
22.4     127
22.42    130
22.44    127
22.46    148
22.48    153
22.5     150
22.52    168
22.54    141
22.56    143
22.58    136
22.6     121
22.62    115
22.64    105
22.66    139
22.68    126
22.7     101
22.72    128
22.74    102
22.76    130
22.78    127
22.8     122
22.82    115
22.84    134
22.86    132
22.88    146
22.9     152
22.92    192
22.94    163
22.96    159
22.98    138
23.0     129
23.02    137
23.04    141
23.06    134
23.08    124
23.1     124
23.12    100
23.14    138
23.16    119
23.18    97
23.2     108
23.22    107
23.24    125
23.26    126
23.28    123
23.3     114
23.32    112
23.34    123
23.36    133
23.38    142
23.4     162
23.42    160
23.44    201
23.46    206
23.48    245
23.5     268
23.52    306
23.54    311
23.56    370
23.58    326
23.6     298
23.62    275
23.64    213
23.66    186
23.68    173
23.7     170
23.72    153
23.74    131
23.76    127
23.78    118
23.8     163
23.82    140
23.84    167
23.86    156
23.88    167
23.9     172
23.92    167
23.94    175
23.96    143
23.98    139
24.0     146
24.02    140
24.04    138
24.06    139
24.08    141
24.1     142
24.12    137
24.14    124
24.16    140
24.18    166
24.2     152
24.22    149
24.24    184
24.26    170
24.28    179
24.3     178
24.32    161
24.34    187
24.36    149
24.38    145
24.4     135
24.42    121
24.44    155
24.46    131
24.48    130
24.5     137
24.52    131
24.54    148
24.56    122
24.58    139
24.6     165
24.62    126
24.64    123
24.66    113
24.68    108
24.7     113
24.72    105
24.74    134
24.76    115
24.78    109
24.8     105
24.82    127
24.84    105
24.86    116
24.88    130
24.9     113
24.92    115
24.94    107
24.96    100
24.98    123
25.0     112
25.02    95
25.04    116
25.06    118
25.08    114
25.1     127
25.12    109
25.14    123
25.16    123
25.18    125
25.2     128
25.22    118
25.24    117
25.26    114
25.28    133
25.3     114
25.32    104
25.34    128
25.36    107
25.38    136
25.4     129
25.42    128
25.44    132
25.46    161
25.48    140
25.5     186
25.52    203
25.54    175
25.56    177
25.58    185
25.6     180
25.62    195
25.64    224
25.66    202
25.68    212
25.7     160
25.72    171
25.74    162
25.76    136
25.78    130
25.8     141
25.82    112
25.84    121
25.86    105
25.88    119
25.9     100
25.92    101
25.94    123
25.96    107
25.98    130
26.0     136
26.02    122
26.04    124
26.06    112
26.08    131
26.1     125
26.12    112
26.14    116
26.16    111
26.18    122
26.2     118
26.22    122
26.24    139
26.26    131
26.28    145
26.3     164
26.32    146
26.34    177
26.36    199
26.38    201
26.4     233
26.42    229
26.44    244
26.46    317
26.48    421
26.5     417
26.52    439
26.54    516
26.56    662
26.58    840
26.6     1222
26.62    1403
26.64    1316
26.66    1106
26.68    818
26.7     714
26.72    510
26.74    348
26.76    261
26.78    264
26.8     258
26.82    261
26.84    279
26.86    326
26.88    296
26.9     286
26.92    301
26.94    288
26.96    255
26.98    223
27.0     200
27.02    197
27.04    192
27.06    209
27.08    215
27.1     201
27.12    226
27.14    227
27.16    188
27.18    174
27.2     154
27.22    148
27.24    126
27.26    136
27.28    137
27.3     128
27.32    136
27.34    140
27.36    163
27.38    175
27.4     218
27.42    240
27.44    271
27.46    281
27.48    293
27.5     320
27.52    370
27.54    391
27.56    390
27.58    366
27.6     321
27.62    291
27.64    266
27.66    265
27.68    275
27.7     291
27.72    330
27.74    357
27.76    417
27.78    559
27.8     619
27.82    497
27.84    496
27.86    500
27.88    452
27.9     455
27.92    421
27.94    390
27.96    424
27.98    439
28.0     399
28.02    364
28.04    272
28.06    268
28.08    224
28.1     181
28.12    178
28.14    168
28.16    169
28.18    177
28.2     176
28.22    160
28.24    143
28.26    142
28.28    147
28.3     184
28.32    136
28.34    133
28.36    148
28.38    132
28.4     103
28.42    119
28.44    129
28.46    98
28.48    118
28.5     108
28.52    110
28.54    121
28.56    97
28.58    112
28.6     95
28.62    103
28.64    106
28.66    88
28.68    95
28.7     98
28.72    98
28.74    99
28.76    109
28.78    85
28.8     85
28.82    100
28.84    93
28.86    130
28.88    95
28.9     98
28.92    114
28.94    98
28.96    108
28.98    88
29.0     133
29.02    108
29.04    100
29.06    107
29.08    106
29.1     101
29.12    86
29.14    109
29.16    108
29.18    112
29.2     94
29.22    96
29.24    93
29.26    85
29.28    98
29.3     77
29.32    87
29.34    103
29.36    97
29.38    103
29.4     92
29.42    105
29.44    91
29.46    89
29.48    101
29.5     91
29.52    104
29.54    95
29.56    114
29.58    113
29.6     141
29.62    109
29.64    107
29.66    126
29.68    116
29.7     142
29.72    134
29.74    156
29.76    190
29.78    189
29.8     178
29.82    221
29.84    221
29.86    185
29.88    189
29.9     184
29.92    159
29.94    179
29.96    148
29.98    118
30.0     144
30.02    127
30.04    116
30.06    117
30.08    125
30.1     107
30.12    111
30.14    116
30.16    115
30.18    109
30.2     117
30.22    110
30.24    122
30.26    127
30.28    127
30.3     136
30.32    160
30.34    146
30.36    161
30.38    147
30.4     168
30.42    172
30.44    197
30.46    165
30.48    180
30.5     155
30.52    171
30.54    131
30.56    132
30.58    128
30.6     136
30.62    109
30.64    110
30.66    118
30.68    129
30.7     130
30.72    143
30.74    134
30.76    138
30.78    143
30.8     166
30.82    146
30.84    142
30.86    161
30.88    133
30.9     125
30.92    95
30.94    125
30.96    139
30.98    113
31.0     89
31.02    115
31.04    87
31.06    86
31.08    100
31.1     94
31.12    108
31.14    88
31.16    91
31.18    93
31.2     96
31.22    95
31.24    107
31.26    96
31.28    114
31.3     106
31.32    108
31.34    128
31.36    110
31.38    144
31.4     121
31.42    123
31.44    122
31.46    110
31.48    110
31.5     108
31.52    97
31.54    105
31.56    101
31.58    112
31.6     110
31.62    94
31.64    98
31.66    104
31.68    100
31.7     97
31.72    100
31.74    87
31.76    93
31.78    104
31.8     93
31.82    69
31.84    113
31.86    87
31.88    94
31.9     99
31.92    94
31.94    87
31.96    75
31.98    86
32.0     90
32.02    85
32.04    87
32.06    75
32.08    84
32.1     84
32.12    94
32.14    97
32.16    88
32.18    94
32.2     95
32.22    106
32.24    114
32.26    100
32.28    116
32.3     123
32.32    119
32.34    121
32.36    102
32.38    110
32.4     117
32.42    94
32.44    82
32.46    92
32.48    90
32.5     100
32.52    99
32.54    82
32.56    85
32.58    73
32.6     82
32.62    81
32.64    64
32.66    87
32.68    92
32.7     84
32.72    77
32.74    78
32.76    93
32.78    85
32.8     99
32.82    80
32.84    69
32.86    92
32.88    82
32.9     75
32.92    73
32.94    87
32.96    88
32.98    85
33.0     74
33.02    72
33.04    81
33.06    78
33.08    80
33.1     71
33.12    89
33.14    86
33.16    83
33.18    52
33.2     88
33.22    82
33.24    74
33.26    86
33.28    81
33.3     78
33.32    66
33.34    65
33.36    64
33.38    71
33.4     62
33.42    80
33.44    77
33.46    77
33.48    60
33.5     83
33.52    66
33.54    83
33.56    78
33.58    85
33.6     92
33.62    72
33.64    78
33.66    87
33.68    82
33.7     64
33.72    63
33.74    86
33.76    75
33.78    94
33.8     77
33.82    91
33.84    104
33.86    89
33.88    85
33.9     99
33.92    86
33.94    77
33.96    109
33.98    98
34.0     87
34.02    109
34.04    95
34.06    82
34.08    88
34.1     76
34.12    85
34.14    92
34.16    67
34.18    79
34.2     74
34.22    88
34.24    78
34.26    82
34.28    71
34.3     92
34.32    95
34.34    93
34.36    89
34.38    95
34.4     91
34.42    98
34.44    120
34.46    91
34.48    82
34.5     78
34.52    84
34.54    99
34.56    89
34.58    99
34.6     77
34.62    89
34.64    74
34.66    92
34.68    76
34.7     109
34.72    100
34.74    102
34.76    109
34.78    131
34.8     137
34.82    119
34.84    109
34.86    135
34.88    113
34.9     105
34.92    110
34.94    94
34.96    86
34.98    93
35.0     85
35.02    73
35.04    85
35.06    110
35.08    91
35.1     98
35.12    96
35.14    104
35.16    100
35.18    100
35.2     91
35.22    86
35.24    105
35.26    100
35.28    75
35.3     97
35.32    99
35.34    102
35.36    83
35.38    103
35.4     93
35.42    87
35.44    106
35.46    91
35.48    98
35.5     110
35.52    77
35.54    87
35.56    87
35.58    111
35.6     84
35.62    123
35.64    108
35.66    91
35.68    105
35.7     113
35.72    93
35.74    101
35.76    68
35.78    72
35.8     88
35.82    72
35.84    58
35.86    70
35.88    75
35.9     87
35.92    74
35.94    78
35.96    58
35.98    57
36.0     94
36.02    67
36.04    86
36.06    76
36.08    59
36.1     79
36.12    77
36.14    84
36.16    80
36.18    66
36.2     65
36.22    86
36.24    63
36.26    74
36.28    68
36.3     67
36.32    65
36.34    69
36.36    78
36.38    66
36.4     65
36.42    79
36.44    67
36.46    83
36.48    105
36.5     119
36.52    117
36.54    129
36.56    130
36.58    99
36.6     98
36.62    116
36.64    95
36.66    98
36.68    88
36.7     82
36.72    60
36.74    77
36.76    75
36.78    59
36.8     78
36.82    66
36.84    70
36.86    71
36.88    58
36.9     59
36.92    71
36.94    72
36.96    65
36.98    77
37.0     72
37.02    79
37.04    70
37.06    66
37.08    59
37.1     74
37.12    77
37.14    74
37.16    68
37.18    89
37.2     76
37.22    65
37.24    78
37.26    63
37.28    65
37.3     63
37.32    75
37.34    44
37.36    62
37.38    89
37.4     68
37.42    66
37.44    47
37.46    67
37.48    71
37.5     67
37.52    59
37.54    61
37.56    82
37.58    61
37.6     56
37.62    74
37.64    73
37.66    66
37.68    85
37.7     82
37.72    79
37.74    76
37.76    69
37.78    69
37.8     56
37.82    47
37.84    69
37.86    51
37.88    56
37.9     64
37.92    48
37.94    68
37.96    59
37.98    40
38.0     55
38.02    47
38.04    38
38.06    47
38.08    54
38.1     53
38.12    59
38.14    50
38.16    52
38.18    47
38.2     38
38.22    61
38.24    53
38.26    53
38.28    58
38.3     50
38.32    55
38.34    57
38.36    71
38.38    63
38.4     52
38.42    45
38.44    41
38.46    52
38.48    51
38.5     50
38.52    48
38.54    75
38.56    59
38.58    48
38.6     50
38.62    62
38.64    52
38.66    49
38.68    59
38.7     70
38.72    65
38.74    53
38.76    77
38.78    52
38.8     62
38.82    72
38.84    55
38.86    62
38.88    51
38.9     59
38.92    54
38.94    52
38.96    47
38.98    60
39.0     58
39.02    59
39.04    52
39.06    45
39.08    61
39.1     67
39.12    56
39.14    49
39.16    74
39.18    55
39.2     59
39.22    53
39.24    66
39.26    50
39.28    55
39.3     58
39.32    65
39.34    61
39.36    51
39.38    82
39.4     76
39.42    90
39.44    92
39.46    93
39.48    98
39.5     95
39.52    77
39.54    62
39.56    67
39.58    73
39.6     65
39.62    52
39.64    49
39.66    53
39.68    66
39.7     53
39.72    45
39.74    67
39.76    55
39.78    53
39.8     64
39.82    52
39.84    59
39.86    53
39.88    59
39.9     55
39.92    48
39.94    54
39.96    56
39.98    50
40.0     58
