5.01313028	385.9986475
5.03913028	338.4723842
5.06513028	329.181025
5.09113028	360.0500389
5.11713028	296.6554749
5.14313028	282.5974056
5.16913028	331.8411982
5.19513028	300.5722953
5.22113028	312.7321872
5.24713028	291.2291723
5.27313028	303.4145492
5.29913028	314.7959602
5.32513028	311.5976059
5.35113028	321.4544258
5.37713028	286.8309532
5.40313028	283.5555175
5.42913028	297.4566359
5.45513028	272.5685961
5.48113028	285.8942208
5.50713028	306.2262406
5.53313028	272.3290724
5.55913028	266.955224
5.58513028	300.051948
5.61113028	288.1638051
5.63713028	264.4741276
5.66313028	274.7926912
5.68913028	252.5425033
5.71513028	261.3041462
5.74113028	240.5590374
5.76713028	266.3221125
5.79313028	280.2996803
5.81913028	269.6157407
5.84513028	258.1722423
5.87113028	255.0018268
5.89713028	246.3829275
5.92313028	245.2653386
5.94913028	256.6438578
5.97513028	251.2382847
6.00113028	252.4772456
6.02713028	258.2232231
6.05313028	251.1614359
6.07913028	251.9337033
6.10513028	248.9980554
6.13113028	260.6287748
6.15713028	269.0531111
6.18313028	255.4854549
6.20913028	270.9193912
6.23513028	257.9105591
6.26113028	242.6187236
6.28713028	248.831588
6.31313028	241.490084
6.33913028	248.8931887
6.36513028	261.8694617
6.39113028	258.890073
6.41713028	256.1033186
6.44313028	266.0903414
6.46913028	254.1163095
6.49513028	249.5056067
6.52113028	257.417609
6.54713028	247.7034922
6.57313028	265.6671312
6.59913028	255.8436034
6.62513028	243.7748547
6.65113028	265.2529411
6.67713028	256.4423951
6.70313028	257.6826093
6.72913028	254.1965137
6.75513028	237.3831467
6.78113028	257.628268
6.80713028	261.3124841
6.83313028	262.3073154
6.85913028	257.3869401
6.88513028	245.7108581
6.91113028	246.1423407
6.93713028	245.5641091
6.96313028	266.1179351
6.98913028	245.0671985
7.01513028	240.3127665
7.04113028	262.6455119
7.06713028	252.810044
7.09313028	234.8265359
7.11913028	238.983204
7.14513028	245.2337269
7.17113028	256.2369869
7.19713028	254.8408139
7.22313028	221.816448
7.24913028	240.6688979
7.27513028	260.2193078
7.30113028	248.2407459
7.32713028	245.8079303
7.35313028	264.6432558
7.37913028	245.1959076
7.40513028	246.0387119
7.43113028	235.6927792
7.45713028	231.4631598
7.48313028	226.0632
7.50913028	259.3848251
7.53513028	246.6970351
7.56113028	239.0017122
7.58713028	239.0725161
7.61313028	243.1449153
7.63913028	261.9563924
7.66513028	270.8932503
7.69113028	237.7451184
7.71713028	243.778272
7.74313028	251.6670835
7.76913028	244.41136
7.79513028	227.1120134
7.82113028	244.5652221
7.84713028	230.3877682
7.87313028	235.3615266
7.89913028	244.0850025
7.92513028	239.6695143
7.95113028	222.300675
7.97713028	233.0344528
8.00313028	251.3169952
8.02913028	231.9275569
8.05513028	240.5880585
8.08113028	237.1974814
8.10713028	257.302576
8.13313028	253.0899147
8.15913028	235.0138318
8.18513028	236.5280374
8.21113028	234.1038644
8.23713028	238.3892404
8.26313028	233.9153905
8.28913028	252.9956848
8.31513028	256.3025054
8.34113028	229.4533549
8.36713028	222.1616998
8.39313028	214.4724211
8.41913028	225.0050064
8.44513028	235.8334724
8.47113028	246.1658396
8.49713028	256.0356561
8.52313028	255.6900594
8.54913028	235.786057
8.57513028	237.5332804
8.60113028	235.1714893
8.62713028	252.3510837
8.65313028	254.996653
8.67913028	241.3913139
8.70513028	240.5479142
8.73113028	233.1226843
8.75713028	230.5712661
8.78313028	236.7994508
8.80913028	239.0017122
8.83513028	249.2887735
8.86113028	239.930536
8.88713028	232.3471101
8.91313028	234.8765767
8.93913028	243.5482925
8.96513028	262.4117785
8.99113028	254.0268954
9.01713028	224.8422431
9.04313028	225.6270193
9.06913028	233.2467444
9.09513028	221.2125724
9.12113028	224.8661759
9.14713028	234.8713998
9.17313028	243.6934466
9.19913028	237.3916961
9.22513028	236.5720392
9.25113028	245.1244933
9.27713028	250.9014808
9.30313028	250.8862259
9.32913028	264.413453
9.35513028	265.2870271
9.38113028	267.9969935
9.40713028	272.2464794
9.43313028	261.6300565
9.45913028	271.5757195
9.48513028	261.6014256
9.51113028	238.2465373
9.53713028	218.8576276
9.56313028	254.8377107
9.58913028	260.7628685
9.61513028	260.3205951
9.64113028	248.728067
9.66713028	236.4342415
9.69313028	230.3513501
9.71913028	233.1030547
9.74513028	245.2361421
9.77113028	219.4494591
9.79713028	248.1760882
9.82313028	249.6501818
9.84913028	250.8395816
9.87513028	240.5915418
9.90113028	250.4056356
9.92713028	250.7572164
9.95313028	234.9931493
9.97913028	235.7355164
10.00513028	244.0899336
10.03113028	260.0917493
10.05713028	221.5306973
10.08313028	264.015226
10.10913028	248.2899249
10.13513028	220.406067
10.16113028	250.1079649
10.18713028	253.2310983
10.21313028	261.557668
10.23913028	234.1475285
10.26513028	259.8895498
10.29113028	262.9591796
10.31713028	276.6638856
10.34313028	252.8534305
10.36913028	287.3643113
10.39513028	298.4628269
10.42113028	260.6195592
10.44713028	258.0018483
10.47313028	270.8304734
10.49913028	260.2091442
10.52513028	245.5548975
10.55113028	290.9888327
10.57713028	248.7872757
10.60313028	253.2690752
10.62913028	254.1357991
10.65513028	269.2451569
10.68113028	265.3064527
10.70713028	242.4993223
10.73313028	255.9780544
10.75913028	268.0639743
10.78513028	260.4350508
10.81113028	237.5313933
10.83713028	238.9983529
10.86313028	243.3042115
10.88913028	261.4260858
10.91513028	269.2351019
10.94113028	270.0019342
10.96713028	262.7239512
10.99313028	252.1051473
11.01913028	258.9133375
11.04513028	281.8387841
11.07113028	239.7706598
11.09713028	235.3125905
11.12313028	252.6892765
11.14913028	253.7100595
11.17513028	231.8921012
11.20113028	247.179666
11.22713028	251.3161065
11.25313028	249.9510322
11.27913028	241.4356662
11.30513028	251.3581792
11.33113028	266.5351523
11.35713028	257.4226683
11.38313028	263.7970278
11.40913028	262.7010495
11.43513028	254.6401686
11.46113028	253.3055027
11.48713028	255.2366073
11.51313028	262.1184718
11.53913028	254.8114792
11.56513028	255.4838184
11.59113028	254.2501986
11.61713028	237.6840794
11.64313028	241.458506
11.66913028	252.8414348
11.69513028	257.2423551
11.72113028	267.0425453
11.74713028	255.7859812
11.77313028	244.5495023
11.79913028	271.3357716
11.82513028	262.5776816
11.85113028	247.3720461
11.87713028	266.1875506
11.90313028	266.701744
11.92913028	266.4617163
11.95513028	278.3277421
11.98113028	270.0917347
12.00713028	269.3984876
12.03313028	253.6067498
12.05913028	270.0669411
12.08513028	288.1508772
12.11113028	258.0513599
12.13713028	249.3772688
12.16313028	257.7304712
12.18913028	260.6623094
12.21513028	259.4226118
12.24113028	235.390219
12.26713028	269.3920024
12.29313028	277.7719734
12.31913028	290.7902345
12.34513028	285.9535695
12.37113028	271.9217715
12.39713028	269.6240939
12.42313028	227.305436
12.44913028	252.2199761
12.47513028	270.0325495
12.50113028	251.2763312
12.52713028	268.0878909
12.55313028	249.859576
12.57913028	258.9301269
12.60513028	281.5810782
12.63113028	277.1671502
12.65713028	269.4989974
12.68313028	277.0440089
12.70913028	303.6323193
12.73513028	310.1254489
12.76113028	260.4688997
12.78713028	292.3042004
12.81313028	272.5615847
12.83913028	295.6536405
12.86513028	269.9645156
12.89113028	262.0438937
12.91713028	261.0182626
12.94313028	255.1596745
12.96913028	257.8931792
12.99513028	265.6328005
13.02113028	305.6367856
13.04713028	303.3321939
13.07313028	285.4445095
13.09913028	274.8603112
13.12513028	287.5658215
13.15113028	260.3737885
13.17713028	268.4989207
13.20313028	272.6253612
13.22913028	292.0222878
13.25513028	272.7813316
13.28113028	278.2837926
13.30713028	275.8281111
13.33313028	275.8268339
13.35913028	276.816926
13.38513028	268.9516478
13.41113028	269.3774632
13.43713028	273.1426029
13.46313028	304.2367934
13.48913028	299.9915138
13.51513028	300.5346517
13.54113028	301.2457256
13.56713028	297.3243795
13.59313028	288.7457178
13.61913028	291.0121251
13.64513028	305.7066806
13.67113028	290.1151735
13.69713028	302.266264
13.72313028	299.1576939
13.74913028	305.6582534
13.77513028	308.0650453
13.80113028	285.9674129
13.82713028	276.2646468
13.85313028	285.7718182
13.87913028	296.5505991
13.90513028	287.870419
13.93113028	299.6921625
13.95713028	291.2822353
13.98313028	289.2684901
14.00913028	296.7345827
14.03513028	289.9893409
14.06113028	301.866778
14.08713028	317.6763582
14.11313028	294.1698296
14.13913028	268.9328293
14.16513028	278.1638972
14.19113028	301.4382663
14.21713028	320.8157962
14.24313028	337.5539764
14.26913028	335.3755046
14.29513028	304.9810096
14.32113028	280.1801802
14.34713028	279.5603111
14.37313028	294.8495759
14.39913028	322.3965735
14.42513028	330.4525008
14.45113028	314.1613429
14.47713028	315.9539799
14.50313028	304.5692827
14.52913028	313.3178444
14.55513028	306.2851442
14.58113028	302.5618977
14.60713028	294.9433632
14.63313028	294.2620058
14.65913028	307.8716628
14.68513028	318.3270703
14.71113028	322.9193382
14.73713028	303.4756527
14.76313028	297.2839455
14.78913028	317.4259364
14.81513028	283.409009
14.84113028	283.483644
14.86713028	298.5685175
14.89313028	283.4942984
14.91913028	310.0257695
14.94513028	304.2603238
14.97113028	310.2008763
14.99713028	319.7364595
15.02313028	333.3457435
15.04913028	299.7722561
15.07513028	287.2036427
15.10113028	300.5483756
15.12713028	287.8622896
15.15313028	327.3963879
15.17913028	307.4741628
15.20513028	289.4439448
15.23113028	297.8286683
15.25713028	340.5370486
15.28313028	332.5328651
15.30913028	295.7622042
15.33513028	331.6980942
15.36113028	328.275886
15.38713028	350.4321061
15.41313028	313.8468733
15.43913028	309.0445339
15.46513028	310.9797379
15.49113028	309.0328025
15.51713028	331.8045905
15.54313028	337.8790592
15.56913028	308.8561858
15.59513028	307.0405804
15.62113028	314.6158873
15.64713028	331.012787
15.67313028	334.785855
15.69913028	346.9874821
15.72513028	312.4339352
15.75113028	321.6316025
15.77713028	347.091285
15.80313028	332.3451427
15.82913028	305.577471
15.85513028	339.0854716
15.88113028	315.1654119
15.90713028	315.9002271
15.93313028	349.4629745
15.95913028	309.9310244
15.98513028	326.0114524
16.01113028	330.3846429
16.03713028	349.8254696
16.06313028	353.4365249
16.08913028	315.1209213
16.11513028	340.6347668
16.14113028	336.9372448
16.16713028	325.3122397
16.19313028	334.0038187
16.21913028	353.1963111
16.24513028	368.2794169
16.27113028	341.7201693
16.29713028	333.1645608
16.32313028	330.8996866
16.34913028	353.9355637
16.37513028	344.7560505
16.40113028	324.1917888
16.42713028	330.5965383
16.45313028	334.4655739
16.47913028	351.10694
16.50513028	341.7280571
16.53113028	331.3960297
16.55713028	345.4864039
16.58313028	333.542867
16.60913028	322.4501665
16.63513028	343.0737453
16.66113028	344.7965904
16.68713028	328.4635808
16.71313028	336.9119629
16.73913028	349.0025002
16.76513028	356.2146885
16.79113028	371.0589325
16.81713028	352.7542802
16.84313028	329.8850426
16.86913028	351.1176315
16.89513028	369.0716342
16.92113028	354.7904361
16.94713028	347.4703108
16.97313028	354.5164613
16.99913028	353.40929
17.02513028	362.9937574
17.05113028	369.1638869
17.07713028	364.4383671
17.10313028	356.2997681
17.12913028	367.4267103
17.15513028	386.7759767
17.18113028	390.970214
17.20713028	414.1919957
17.23313028	410.3683091
17.25913028	424.8419693
17.28513028	435.3023945
17.31113028	420.5185357
17.33713028	397.194593
17.36313028	364.4699541
17.38913028	372.2151394
17.41513028	342.2189353
17.44113028	371.2026504
17.46713028	352.8993864
17.49313028	326.529241
17.51913028	372.0492567
17.54513028	383.1349411
17.57113028	393.616489
17.59713028	376.6075353
17.62313028	379.8820456
17.64913028	394.9592854
17.67513028	373.5482906
17.70113028	405.8449862
17.72713028	399.6746392
17.75313028	373.8358701
17.77913028	397.5940395
17.80513028	357.313872
17.83113028	378.1853917
17.85713028	350.4450571
17.88313028	381.7374043
17.90913028	383.0862226
17.93513028	425.6512038
17.96113028	355.7026737
17.98713028	400.0273162
18.01313028	418.3316585
18.03913028	378.1029344
18.06513028	415.3837414
18.09113028	434.5008853
18.11713028	383.0168428
18.14313028	399.8193706
18.16913028	429.381813
18.19513028	419.3398658
18.22113028	403.6515127
18.24713028	381.1631689
18.27313028	381.881998
18.29913028	380.143291
18.32513028	395.6394528
18.35113028	411.5611254
18.37713028	445.4021484
18.40313028	406.2510962
18.42913028	391.3220513
18.45513028	400.4447088
18.48113028	391.6799461
18.50713028	434.219922
18.53313028	423.514052
18.55913028	416.681012
18.58513028	427.4911576
18.61113028	409.7363552
18.63713028	423.4202414
18.66313028	423.2273827
18.68913028	422.0030232
18.71513028	438.9636151
18.74113028	459.9846197
18.76713028	433.4568872
18.79313028	413.367551
18.81913028	443.6416157
18.84513028	465.3809536
18.87113028	449.7943332
18.89713028	414.6434833
18.92313028	427.1776079
18.94913028	423.6889599
18.97513028	412.9727128
19.00113028	428.2096749
19.02713028	411.5797235
19.05313028	421.1136682
19.07913028	421.3620683
19.10513028	428.3121157
19.13113028	435.166465
19.15713028	443.6400173
19.18313028	441.678073
19.20913028	430.1790841
19.23513028	413.9807861
19.26113028	433.6941626
19.28713028	461.5298533
19.31313028	433.4387247
19.33913028	433.1771603
19.36513028	469.0302814
19.39113028	471.282468
19.41713028	434.3275755
19.44313028	429.642002
19.46913028	442.4069237
19.49513028	454.1396091
19.52113028	474.9798936
19.54713028	462.5621318
19.57313028	440.9235873
19.59913028	457.9922289
19.62513028	493.9876831
19.65113028	488.1064749
19.67713028	482.8299069
19.70313028	468.5740468
19.72913028	494.1468045
19.75513028	510.3623193
19.78113028	503.8897824
19.80713028	483.2128947
19.83313028	487.9532077
19.85913028	474.3660079
19.88513028	504.3598494
19.91113028	524.8582713
19.93713028	514.0434425
19.96313028	484.636206
19.98913028	453.9413155
20.01513028	492.4079401
20.04113028	482.9504934
20.06713028	502.4537385
20.09313028	479.0738123
20.11913028	443.8773868
20.14513028	498.0132087
20.17113028	525.9892041
20.19713028	506.170954
20.22313028	473.3370723
20.24913028	474.9222196
20.27513028	460.5151646
20.30113028	489.7607341
20.32713028	546.8388089
20.35313028	502.4613677
20.37913028	479.3828238
20.40513028	529.6784507
20.43113028	468.6025542
20.45713028	495.1540423
20.48313028	489.7958735
20.50913028	510.1099299
20.53513028	538.7271164
20.56113028	487.6015916
20.58713028	497.2474502
20.61313028	518.6098446
20.63913028	530.9670934
20.66513028	529.5750691
20.69113028	513.5647921
20.71713028	488.0870795
20.74313028	499.9680124
20.76913028	531.553036
20.79513028	543.7294938
20.82113028	514.9871435
20.84713028	515.9183023
20.87313028	511.2667219
20.89913028	489.4416245
20.92513028	524.178521
20.95113028	549.0273669
20.97713028	569.1586384
21.00313028	561.1280765
21.02913028	565.2903284
21.05513028	550.2015553
21.08113028	512.4158625
21.10713028	507.0036321
21.13313028	560.4384274
21.15913028	536.473833
21.18513028	534.1455027
21.21113028	539.095963
21.23713028	538.3868465
21.26313028	553.9757718
21.28913028	572.9889324
21.31513028	557.4948985
21.34113028	552.0039545
21.36713028	575.5287035
21.39313028	564.2804821
21.41913028	550.6136706
21.44513028	591.0218635
21.47113028	579.6746537
21.49713028	588.8641234
21.52313028	578.1212246
21.54913028	547.9414527
21.57513028	555.6309849
21.60113028	566.682258
21.62713028	574.600462
21.65313028	566.9588293
21.67913028	578.2788648
21.70513028	574.1465441
21.73113028	592.0431692
21.75713028	597.0232068
21.78313028	628.4137452
21.80913028	680.5651986
21.83513028	690.8307953
21.86113028	692.4192078
21.88713028	677.2696188
21.91313028	680.8227577
21.93913028	680.2468418
21.96513028	647.9619764
21.99113028	624.1931975
22.01713028	609.8526567
22.04313028	611.0191222
22.06913028	630.2976657
22.09513028	635.2236571
22.12113028	610.5735312
22.14713028	590.5430417
22.17313028	584.1376251
22.19913028	579.2109433
22.22513028	585.0242974
22.25113028	589.847283
22.27713028	595.1204005
22.30313028	587.7481536
22.32913028	579.3658769
22.35513028	588.1795444
22.38113028	595.5733642
22.40713028	617.8877536
22.43313028	598.6371037
22.45913028	623.3741745
22.48513028	631.4034902
22.51113028	594.5827065
22.53713028	613.1248081
22.56313028	635.0476053
22.58913028	628.9515731
22.61513028	649.0011971
22.64113028	650.183641
22.66713028	678.4284015
22.69313028	689.9331116
22.71913028	740.6490017
22.74513028	760.8593759
22.77113028	790.0056595
22.79713028	776.5759802
22.82313028	724.3629007
22.84913028	694.6711827
22.87513028	623.860789
22.90113028	660.8938889
22.92713028	624.3881492
22.95313028	622.0640317
22.97913028	683.4359666
23.00513028	680.7876456
23.03113028	646.2614688
23.05713028	645.2205916
23.08313028	668.8501431
23.10913028	592.3571203
23.13513028	614.3708412
23.16113028	611.9376407
23.18713028	657.725546
23.21313028	613.4848651
23.23913028	674.3605696
23.26513028	680.3809161
23.29113028	634.4378877
23.31713028	613.4030083
23.34313028	706.8223889
23.36913028	669.1994347
23.39513028	686.734251
23.42113028	660.6305047
23.44713028	694.7471434
23.47313028	673.0813382
23.49913028	723.0476067
23.52513028	782.1245093
23.55113028	705.4952469
23.57713028	700.8359908
23.60313028	697.3827158
23.62913028	731.0401275
23.65513028	760.6919091
23.68113028	728.9196383
23.70713028	734.3953088
23.73313028	755.6916262
23.75913028	725.1649045
23.78513028	722.3495437
23.81113028	710.6124325
23.83713028	668.0079381
23.86313028	684.8080152
23.88913028	699.7657666
23.91513028	688.6341422
23.94113028	689.6143647
23.96713028	669.5395921
23.99313028	684.1924852
24.01913028	755.9756581
24.04513028	749.2674621
24.07113028	705.5651545
24.09713028	694.4390535
24.12313028	685.1051677
24.14913028	713.0767351
24.17513028	767.5558596
24.20113028	762.974572
24.22713028	752.6181646
24.25313028	754.9778382
24.27913028	781.9080626
24.30513028	756.4713359
24.33113028	734.0052583
24.35713028	725.9735868
24.38313028	742.8897736
24.40913028	759.9953765
24.43513028	737.3062836
24.46113028	722.8959605
24.48713028	718.7026353
24.51313028	701.1651882
24.53913028	710.1969409
24.56513028	736.7737509
24.59113028	732.2640218
24.61713028	737.6374664
24.64313028	757.0574948
24.66913028	741.0522941
24.69513028	729.8268047
24.72113028	734.6527284
24.74713028	744.5516699
24.77313028	751.7428306
24.79913028	755.928005
24.82513028	775.2015573
24.85113028	769.8490858
24.87713028	751.4567102
24.90313028	731.5877598
24.92913028	726.7951015
24.95513028	751.6941546
24.98113028	755.1966955
25.00713028	738.7163812
25.03313028	741.2110713
25.05913028	719.5559043
25.08513028	724.8645521
25.11113028	740.3746122
25.13713028	737.1672031
25.16313028	746.3155793
25.18913028	766.526149
25.21513028	794.0007152
25.24113028	752.8102706
25.26713028	784.2954288
25.29313028	828.1167852
25.31913028	769.0135498
25.34513028	771.0236273
25.37113028	761.9324992
25.39713028	796.6105571
25.42313028	773.1248276
25.44913028	800.6309193
25.47513028	823.2118556
25.50113028	841.0060248
25.52713028	842.1438909
25.55313028	845.5856243
25.57913028	829.6741053
25.60513028	811.2888763
25.63113028	814.1903871
25.65713028	818.5982048
25.68313028	792.1052938
25.70913028	780.1636234
25.73513028	805.247057
25.76113028	781.6154487
25.78713028	822.3785148
25.81313028	824.3396836
25.83913028	769.5277561
25.86513028	779.0478903
25.89113028	780.8802397
25.91713028	807.6576844
25.94313028	836.0311176
25.96913028	837.8894372
25.99513028	794.3260165
26.02113028	787.126005
26.04713028	830.7859932
26.07313028	725.0626254
26.09913028	786.7617486
26.12513028	741.9086372
26.15113028	748.3369318
26.17713028	783.1655669
26.20313028	797.8789674
26.22913028	845.0800669
26.25513028	800.8634026
26.28113028	805.6087549
26.30713028	818.3635329
26.33313028	856.2211066
26.35913028	869.6901087
26.38513028	865.0992527
26.41113028	853.164967
26.43713028	829.5814438
26.46313028	865.7114105
26.48913028	880.6356328
26.51513028	936.0173461
26.54113028	894.3169103
26.56713028	906.112034
26.59313028	887.9484577
26.61913028	880.760851
26.64513028	812.5001937
26.67113028	821.3331835
26.69713028	834.4555705
26.72313028	856.4525747
26.74913028	836.8073433
26.77513028	879.2202969
26.80113028	852.3060242
26.82713028	818.8775481
26.85313028	827.916714
26.87913028	831.0740424
26.90513028	847.7227748
26.93113028	831.3154389
26.95713028	826.6406708
26.98313028	806.5324649
27.00913028	810.6010832
27.03513028	832.3475603
27.06113028	853.2398601
27.08713028	853.0621426
27.11313028	831.4199564
27.13913028	817.0535534
27.16513028	827.1142608
27.19113028	832.6433087
27.21713028	814.8470724
27.24313028	834.5085483
27.26913028	851.8496093
27.29513028	840.9992358
27.32113028	854.6600757
27.34713028	827.480012
27.37313028	820.8215773
27.39913028	852.5215339
27.42513028	870.2932792
27.45113028	942.2219993
27.47713028	1023.875958
27.50313028	1126.073592
27.52913028	1154.056606
27.55513028	1089.033975
27.58113028	1125.242034
27.60713028	1210.131195
27.63313028	1253.611572
27.65913028	1301.59442
27.68513028	1331.056934
27.71113028	1290.509909
27.73713028	1236.825327
27.76313028	1145.527212
27.78913028	1065.992719
27.81513028	1028.273614
27.84113028	1052.873888
27.86713028	1236.128081
27.89313028	1472.26655
27.91913028	1703.035453
27.94513028	1656.499916
27.97113028	1398.795961
27.99713028	1339.45535
28.02313028	1222.599606
28.04913028	1058.932905
28.07513028	936.0545439
28.10113028	899.0613312
28.12713028	897.8721423
28.15313028	914.7287738
28.17913028	941.0583911
28.20513028	983.857759
28.23113028	987.467047
28.25713028	1010.217249
28.28313028	972.3883929
28.30913028	921.0303513
28.33513028	838.8094403
28.36113028	828.0957314
28.38713028	832.6007453
28.41313028	869.3183052
28.43913028	810.0662193
28.46513028	859.2064204
28.49113028	861.9622414
28.51713028	837.7316717
28.54313028	860.2542767
28.56913028	824.6198743
28.59513028	882.9955193
28.62113028	861.213809
28.64713028	827.6639373
28.67313028	826.0351858
28.69913028	826.966741
28.72513028	805.0766317
28.75113028	832.2333848
28.77713028	895.4523536
28.80313028	844.7410087
28.82913028	846.3842465
28.85513028	897.4766534
28.88113028	901.2237782
28.90713028	825.2034516
28.93313028	811.5197779
28.95913028	851.5010136
28.98513028	856.2406039
29.01113028	807.1876913
29.03713028	845.4173001
29.06313028	831.1719801
29.08913028	807.3310219
29.11513028	891.2298094
29.14113028	897.9562267
29.16713028	861.1537235
29.19313028	902.2050574
29.21913028	870.5016026
29.24513028	866.4774024
29.27113028	848.4744958
29.29713028	881.2967471
29.32313028	872.1591836
29.34913028	868.7080096
29.37513028	868.8977998
29.40113028	865.2346254
29.42713028	830.540017
29.45313028	830.486403
29.47913028	887.7424727
29.50513028	900.5300891
29.53113028	877.2819018
29.55713028	904.1063138
29.58313028	903.8103495
29.60913028	911.8655469
29.63513028	942.5107286
29.66113028	967.6613508
29.68713028	1004.443697
29.71313028	1080.244091
29.73913028	1118.060532
29.76513028	1129.883427
29.79113028	1106.646457
29.81713028	1032.676467
29.84313028	955.7407883
29.86913028	917.9209105
29.89513028	882.2227553
29.92113028	864.8396209
29.94713028	853.3568265
29.97313028	807.4449382
29.99913028	802.411524
30.02513028	838.5618662
30.05113028	841.4826311
30.07713028	826.8780421
30.10313028	852.4802893
30.12913028	868.4212759
30.15513028	909.5204825
30.18113028	974.9353539
30.20713028	1014.446727
30.23313028	1069.764766
30.25913028	1045.921454
30.28513028	975.7623119
30.31113028	942.6949859
30.33713028	906.3002407
30.36313028	895.0064117
30.38913028	889.6372322
30.41513028	863.6280972
30.44113028	838.4060506
30.46713028	855.7200435
30.49313028	844.7876979
30.51913028	813.4794636
30.54513028	809.9777615
30.57113028	822.1493444
30.59713028	784.7344018
30.62313028	800.4587823
30.64913028	814.135934
30.67513028	860.0731008
30.70113028	866.2351953
30.72713028	864.4252453
30.75313028	889.7758628
30.77913028	889.6546813
30.80513028	853.505273
30.83113028	878.5282254
30.85713028	852.5944594
30.88313028	842.4952697
30.90913028	791.0056666
30.93513028	788.9637017
30.96113028	776.5906975
30.98713028	819.0058672
31.01313028	818.8504141
31.03913028	814.7680747
31.06513028	784.7582692
31.09113028	797.1394567
31.11713028	801.4616608
31.14313028	811.3491957
31.16913028	754.641119
31.19513028	788.6839701
31.22113028	750.0709382
31.24713028	843.9044092
31.27313028	761.8339093
31.29913028	780.3456396
31.32513028	806.8895668
31.35113028	837.4170548
31.37713028	806.0883744
31.40313028	781.7134147
31.42913028	751.5186768
31.45513028	751.7324183
31.48113028	789.7676891
31.50713028	761.1057569
31.53313028	798.3312181
31.55913028	796.1815455
31.58513028	772.660202
31.61113028	772.4036168
31.63713028	788.9006387
31.66313028	743.05785
31.68913028	719.0701975
31.71513028	720.054099
31.74113028	719.4054075
31.76713028	735.5943896
31.79313028	735.3250093
31.81913028	729.3844569
31.84513028	743.2095847
31.87113028	753.2574822
31.89713028	700.9075294
31.92313028	730.9417229
31.94913028	692.0870144
31.97513028	697.717044
32.00113028	727.9227715
32.02713028	765.7071002
32.05313028	748.368452
32.07913028	726.6252484
32.10513028	744.8180109
32.13113028	790.5126452
32.15713028	810.9292897
32.18313028	826.5245581
32.20913028	841.8406615
32.23513028	827.663478
32.26113028	803.9757592
32.28713028	768.0922064
32.31313028	728.6518552
32.33913028	712.2902737
32.36513028	707.6349014
32.39113028	686.7961921
32.41713028	687.7190004
32.44313028	708.9843229
32.46913028	704.5202866
32.49513028	686.8352468
32.52113028	705.6174853
32.54713028	699.4984834
32.57313028	695.465076
32.59913028	711.831316
32.62513028	688.6042222
32.65113028	684.9838305
32.67713028	686.5777747
32.70313028	691.8249399
32.72913028	702.1990715
32.75513028	685.8547421
32.78113028	673.2292572
32.80713028	683.4083239
32.83313028	702.7312455
32.85913028	709.5564925
32.88513028	696.7272273
32.91113028	694.7582939
32.93713028	677.0351068
32.96313028	674.6692831
32.98913028	671.5058207
33.01513028	684.2595971
33.04113028	671.8168735
33.06713028	647.8768604
33.09313028	681.1030977
33.11913028	689.9624902
33.14513028	661.5150612
33.17113028	643.4125686
33.19713028	637.7523891
33.22313028	679.9103083
33.24913028	695.9875473
33.27513028	659.371143
33.30113028	691.2326032
33.32713028	684.7126806
33.35313028	637.3579888
33.37913028	641.6438889
33.40513028	666.4126463
33.43113028	631.7654205
33.45713028	626.5991934
33.48313028	638.8407971
33.50913028	660.2584505
33.53513028	679.0871103
33.56113028	653.8490844
33.58713028	694.4325866
33.61313028	688.6630014
33.63913028	681.0753441
33.66513028	638.5194227
33.69113028	716.1690615
33.71713028	700.4928621
33.74313028	670.5488428
33.76913028	709.4837748
33.79513028	615.8083035
33.82113028	664.8137153
33.84713028	634.1213053
33.87313028	670.4985857
33.89913028	586.9485324
33.92513028	632.3553436
33.95113028	639.7431517
33.97713028	617.2881081
34.00313028	619.750832
34.02913028	677.4592016
34.05513028	618.7474396
34.08113028	616.6318294
34.10713028	631.3555304
34.13313028	625.021271
34.15913028	642.4238685
34.18513028	654.5438109
34.21113028	637.1444512
34.23713028	670.4414055
34.26313028	603.3089133
34.28913028	616.3129976
34.31513028	660.4327668
34.34113028	619.7345716
34.36713028	608.8021491
34.39313028	636.5801051
34.41913028	639.244156
34.44513028	618.806998
34.47113028	632.7120744
34.49713028	638.256505
34.52313028	601.0966897
34.54913028	619.3186408
34.57513028	654.7093255
34.60113028	654.0869841
34.62713028	633.93922
34.65313028	620.8072524
34.67913028	618.0044273
34.70513028	631.3794664
34.73113028	632.0750388
34.75713028	636.7915673
34.78313028	641.004592
34.80913028	660.5064309
34.83513028	699.8677558
34.86113028	737.1107623
34.88713028	736.8197545
34.91313028	712.0905729
34.93913028	683.5220671
34.96513028	678.4077316
34.99113028	698.552957
35.01713028	676.4779274
35.04313028	620.9397053
35.06913028	599.1234583
35.09513028	599.9645449
35.12113028	606.1438037
35.14713028	593.5024382
35.17313028	586.2574868
35.19913028	628.7779246
35.22513028	669.4702217
35.25113028	689.5938275
35.27713028	697.5002829
35.30313028	695.5294335
35.32913028	712.9243474
35.35513028	722.0113724
35.38113028	701.5563662
35.40713028	706.4462891
35.43313028	734.0052583
35.45913028	715.2333744
35.48513028	712.459543
35.51113028	771.6437097
35.53713028	804.8922186
35.56313028	841.3865489
35.58913028	842.8535667
35.61513028	752.7551884
35.64113028	708.7614776
35.66713028	732.9252121
35.69313028	686.0457992
35.71913028	650.2421609
35.74513028	638.7135453
35.77113028	657.4099383
35.79713028	656.6716526
35.82313028	631.8151813
35.84913028	639.091385
35.87513028	601.4483446
35.90113028	597.0661051
35.92713028	604.6484412
35.95313028	616.6939918
35.97913028	611.2046497
36.00513028	618.1788197
36.03113028	565.0943066
36.05713028	584.8224434
36.08313028	599.4347983
36.10913028	559.2066054
36.13513028	556.3407021
36.16113028	571.5341836
36.18713028	561.3450368
36.21313028	573.843271
36.23913028	581.1709135
36.26513028	572.5179712
36.29113028	581.7344499
36.31713028	625.3800149
36.34313028	687.8431457
36.36913028	750.2753738
36.39513028	756.7898443
36.42113028	705.8636312
36.44713028	625.0885788
36.47313028	645.8802114
36.49913028	635.1787856
36.52513028	583.3691729
36.55113028	548.1729053
36.57713028	541.2782571
36.60313028	532.5046191
36.62913028	553.4960862
36.65513028	497.683014
36.68113028	471.0527346
36.70713028	546.807685
36.73313028	540.6873942
36.75913028	523.9610498
36.78513028	531.6282574
36.81113028	539.0591059
36.83713028	484.4206796
36.86313028	544.3106957
36.88913028	528.6039333
36.91513028	513.924559
36.94113028	552.7769481
36.96713028	524.9487026
36.99313028	535.0989465
37.01913028	544.7181904
37.04513028	495.5765718
37.07113028	499.311451
37.09713028	547.3300851
37.12313028	522.2164556
37.14913028	503.8516493
37.17513028	516.5252861
37.20113028	500.5186577
37.22713028	540.0288171
37.25313028	532.8467827
37.27913028	516.8851877
37.30513028	532.5929238
37.33113028	517.0064944
37.35713028	497.7801506
37.38313028	473.3070995
37.40913028	519.9565358
37.43513028	524.7919521
37.46113028	515.4078606
37.48713028	518.7895185
37.51313028	503.0740044
37.53913028	505.3362683
37.56513028	509.9621757
37.59113028	538.6986555
37.61713028	569.1352421
37.64313028	558.6750214
37.66913028	529.8773386
37.69513028	521.8077072
37.72113028	506.812608
37.74713028	499.1752532
37.77313028	475.649102
37.79913028	480.5292928
37.82513028	519.1353684
37.85113028	518.3444304
37.87713028	499.9250754
37.90313028	475.900036
37.92913028	487.5250528
37.95513028	493.7193205
37.98113028	485.2591812
38.00713028	487.0034888
38.03313028	489.3959354
38.05913028	510.8895283
38.08513028	530.2889102
38.11113028	511.8713845
38.13713028	503.5678759
38.16313028	516.011465
38.18913028	547.0558446
38.21513028	548.7244893
38.24113028	548.9435709
38.26713028	550.9892696
38.29313028	521.6875771
38.31913028	540.5562338
38.34513028	524.1415704
38.37113028	491.0035175
38.39713028	499.5764066
38.42313028	521.2551902
38.44913028	499.3262783
38.47513028	470.03566
38.50113028	508.6389864
38.52713028	475.6400868
38.55313028	465.4068443
38.57913028	478.0494645
38.60513028	488.8379523
38.63113028	480.9786912
38.65713028	497.1020732
38.68313028	527.3474843
38.70913028	522.5047707
38.73513028	544.251247
38.76113028	505.7619691
38.78713028	497.7924917
38.81313028	452.851101
38.83913028	495.54814
38.86513028	491.815193
38.89113028	501.8586186
38.91713028	511.6542531
38.94313028	492.9575637
38.96913028	529.086804
38.99513028	531.8883823
39.02113028	559.5459292
39.04713028	584.0159456
39.07313028	585.0023441
39.09913028	584.0122663
39.12513028	578.112127
39.15113028	566.3390085
39.17713028	566.0040547
39.20313028	535.454031
39.22913028	531.1772141
39.25513028	512.3580299
39.28113028	549.7433525
39.30713028	553.0039616
39.33313028	517.8047681
39.35913028	490.7953457
39.38513028	515.3676062
39.41113028	501.5477553
39.43713028	540.4219609
39.46313028	518.0030083
39.48913028	510.4745165
39.51513028	570.8227102
39.54113028	560.7771645
39.56713028	586.9096709
39.59313028	569.0990885
39.61913028	532.8518927
39.64513028	528.1380102
39.67113028	515.0781402
39.69713028	491.9103583
39.72313028	513.0650663
39.74913028	483.3283939
39.77513028	467.0680008
39.80113028	493.5125438
39.82713028	516.1418038
39.85313028	500.5849406
39.87913028	523.2416775
39.90513028	550.0049025
39.93113028	546.5630693
39.95713028	516.755319
39.98313028	524.2937553
40.00913028	552.4081866
40.03513028	525.1919709
40.06113028	487.7594473
40.08713028	490.9154931
40.11313028	489.9293949
40.13913028	486.3835882
40.16513028	482.1523446
40.19113028	484.9058248
40.21713028	464.5656878
40.24313028	490.4669618
40.26913028	513.3710381
40.29513028	507.3575402
40.32113028	497.2902474
40.34713028	471.1143621
40.37313028	474.1727616
40.39913028	505.8584598
40.42513028	502.5993519
40.45113028	491.9492339
40.47713028	486.7620274
40.50313028	495.7359849
40.52913028	513.4959306
40.55513028	503.0371312
40.58113028	532.6305025
40.60713028	532.1012465
40.63313028	490.2476259
40.65913028	508.126639
40.68513028	548.8839627
40.71113028	534.4968283
40.73713028	506.3251659
40.76313028	491.5487249
40.78913028	526.6202004
40.81513028	495.3729971
40.84113028	506.9090785
40.86713028	516.6865867
40.89313028	517.8469083
40.91913028	523.7874607
40.94513028	512.1983352
40.97113028	485.2114822
40.99713028	503.6266247
41.02313028	475.7626461
41.04913028	493.8199587
41.07513028	472.4789739
41.10113028	485.3974558
41.12713028	523.1318894
41.15313028	519.1715212
41.17913028	509.4652112
41.20513028	490.3440723
41.23113028	507.5609754
41.25713028	447.9071753
41.28313028	478.2918397
41.30913028	456.0349846
41.33513028	443.2966477
41.36113028	475.7896917
41.38713028	512.1556118
41.41313028	488.8284214
41.43913028	472.6836492
41.46513028	484.4465114
41.49113028	451.0845807
41.51713028	485.1379393
41.54313028	464.0274899
41.56913028	528.8412745
41.59513028	545.5154432
41.62113028	557.8273932
41.64713028	551.7111702
41.67313028	536.9078084
41.69913028	527.007031
41.72513028	493.3517142
41.75113028	543.9558052
41.77713028	486.8077253
41.80313028	545.4848115
41.82913028	587.9083831
41.85513028	582.3981552
41.88113028	586.6548227
41.90713028	577.8020494
41.93313028	563.3496263
41.95913028	586.3144317
41.98513028	577.4281057
42.01113028	553.9902463
42.03713028	524.014104
42.06313028	511.3964751
42.08913028	572.9635875
42.11513028	579.7997096
42.14113028	541.6100601
42.16713028	520.8667914
42.19313028	541.5270475
42.21913028	585.463172
42.24513028	537.2379499
42.27113028	577.4834417
42.29713028	567.5451058
42.32313028	559.2424377
42.34913028	544.7224841
42.37513028	548.083011
42.40113028	512.2247207
42.42713028	532.648452
42.45313028	534.6142582
42.47913028	511.7534027
42.50513028	526.1483511
42.53113028	508.0374099
42.55713028	517.8581065
42.58313028	520.3941775
42.60913028	534.9222167
42.63513028	506.4570442
42.66113028	517.2626358
42.68713028	526.0419602
42.71313028	531.0323681
42.73913028	533.7843431
42.76513028	535.7467816
42.79113028	571.649459
42.81713028	547.4417759
42.84313028	517.0718101
42.86913028	524.8762151
42.89513028	527.9270835
42.92113028	541.867928
42.94713028	532.0244754
42.97313028	504.8159814
42.99913028	507.0664071
43.02513028	519.4587285
43.05113028	528.3240165
43.07713028	512.6852646
43.10313028	503.3822549
43.12913028	517.7341472
43.15513028	528.3237048
43.18113028	527.2064021
43.20713028	501.0344183
43.23313028	514.4022801
43.25913028	519.9998749
43.28513028	495.947775
43.31113028	503.1571261
43.33713028	500.5084795
43.36313028	500.2971269
43.38913028	512.2941457
43.41513028	496.107146
43.44113028	486.0819701
43.46713028	510.3082714
43.49313028	483.4838095
43.51913028	472.8176776
43.54513028	470.4474252
43.57113028	493.0035318
43.59713028	480.8903915
43.62313028	451.6570521
43.64913028	457.215009
43.67513028	457.8965187
43.70113028	473.1757508
43.72713028	459.0374143
43.75313028	443.729631
43.77913028	445.2676852
43.80513028	434.4502187
43.83113028	469.0967126
43.85713028	481.5429102
43.88313028	460.491547
43.90913028	476.4381248
43.93513028	444.8880412
43.96113028	470.4575097
43.98713028	483.8542233
44.01313028	473.0812752
44.03913028	501.2320945
44.06513028	477.3266526
44.09113028	472.9990056
44.11713028	494.9257568
44.14313028	503.8616603
44.16913028	475.5429708
44.19513028	502.5580939
44.22113028	534.0782077
44.24713028	536.6039122
44.27313028	558.750517
44.29913028	600.5798934
44.32513028	544.1454621
44.35113028	562.7684581
44.37713028	526.8293782
44.40313028	520.1970985
44.42913028	505.6357774
44.45513028	468.9815901
44.48113028	489.4448132
44.50713028	534.6182317
44.53313028	469.149538
44.55913028	465.7277442
44.58513028	436.3618355
44.61113028	443.6628491
44.63713028	423.9216558
44.66313028	467.032566
44.68913028	461.9834579
44.71513028	481.2195925
44.74113028	478.2935801
44.76713028	506.0121766
44.79313028	522.6494537
44.81913028	485.3631771
44.84513028	483.9941741
44.87113028	457.5936742
44.89713028	464.0296558
44.92313028	492.6219488
44.94913028	478.739933
44.97513028	445.0213475
45.00113028	441.9198102
45.02713028	432.266276
45.05313028	440.9560532
45.07913028	434.6480703
45.10513028	461.4931897
45.13113028	438.440552
45.15713028	456.0005239
45.18313028	439.1716702
45.20913028	450.0679432
45.23513028	458.8016862
45.26113028	445.7586325
45.28713028	434.3297812
45.31313028	468.8511139
45.33913028	463.9184844
45.36513028	447.2044536
45.39113028	426.7374995
45.41713028	449.174092
45.44313028	462.3021946
45.46913028	450.8813003
45.49513028	430.1652875
45.52113028	428.6137105
45.54713028	448.9052731
45.57313028	444.0165122
45.59913028	426.8681242
45.62513028	412.4803541
45.65113028	423.6596124
45.67713028	444.9661865
45.70313028	432.3271499
45.72913028	415.6179693
45.75513028	437.0426022
45.78113028	433.632515
45.80713028	407.3925716
45.83313028	433.0212782
45.85913028	444.8273752
45.88513028	440.3726456
45.91113028	425.7268226
45.93713028	432.8264644
45.96313028	446.223133
45.98913028	436.0538124
46.01513028	441.02035
46.04113028	423.7667335
46.06713028	456.2657211
46.09313028	457.1307095
46.11913028	441.1831918
46.14513028	420.6712926
46.17113028	419.7412871
46.19713028	430.9081207
46.22313028	414.1790259
46.24913028	407.6880514
46.27513028	416.9897528
46.30113028	414.2463612
46.32713028	406.8311649
46.35313028	386.2625461
46.37913028	417.1898747
46.40513028	443.8725077
46.43113028	416.3906199
46.45713028	417.635185
46.48313028	416.8729285
46.50913028	414.2759586
46.53513028	385.7066229
46.56113028	420.4648525
46.58713028	439.99981
46.61313028	430.8963859
46.63913028	411.061299
46.66513028	425.8542328
46.69113028	421.4853516
46.71713028	465.9655833
46.74313028	385.6504327
46.76913028	465.73611
46.79513028	431.9058366
46.82113028	413.4074922
46.84713028	422.843817
46.87313028	445.0989477
46.89913028	410.5958499
46.92513028	448.8604461
46.95113028	422.1283471
46.97713028	443.6829329
47.00313028	444.9787161
47.02913028	397.6877956
47.05513028	421.8068761
47.08113028	406.9245992
47.10713028	408.8105334
47.13313028	403.3886297
47.15913028	443.3024657
47.18513028	423.4476073
47.21113028	443.4047492
47.23713028	427.3939562
47.26313028	446.9090231
47.28913028	428.3451227
47.31513028	430.1414983
47.34113028	439.4680262
47.36713028	456.8981557
47.39313028	436.0300491
47.41913028	445.7045619
47.44513028	440.1280483
47.47113028	414.8925047
47.49713028	421.5949826
47.52313028	418.0092509
47.54913028	399.8923451
47.57513028	428.3221819
47.60113028	391.9205417
47.62713028	392.9635333
47.65313028	396.8203202
47.67913028	418.1863358
47.70513028	405.776941
47.73113028	408.862421
47.75713028	414.6906729
47.78313028	418.3919329
47.80913028	430.689039
47.83513028	432.7133145
47.86113028	438.1316013
47.88713028	438.8125084
47.91313028	426.3234499
47.93913028	407.0186791
47.96513028	403.2615626
47.99113028	438.3203548
48.01713028	431.7526011
48.04313028	425.8903364
48.06913028	420.0787971
48.09513028	405.2088686
48.12113028	419.4697596
48.14713028	424.9183921
48.17313028	402.6600931
48.19913028	414.3775344
48.22513028	444.1122191
48.25113028	441.5172484
48.27713028	432.0245821
48.30313028	421.8955359
48.32913028	419.983257
48.35513028	426.7055001
48.38113028	427.5998338
48.40713028	428.0459347
48.43313028	415.2671819
48.45913028	405.8426099
48.48513028	412.3321249
48.51113028	424.4032736
48.53713028	411.4976388
48.56313028	392.7887398
48.58913028	411.2623939
48.61513028	408.5614824
48.64113028	404.2506655
48.66713028	397.9380712
48.69313028	396.3008476
48.71913028	405.9057439
48.74513028	407.6922799
48.77113028	410.9123779
48.79713028	417.3856939
48.82313028	409.0366606
48.84913028	414.5712148
48.87513028	436.215419
48.90113028	414.9937682
48.92713028	412.1390149
48.95313028	424.084923
48.97913028	428.3462024
49.00513028	428.0971582
49.03113028	451.52131
49.05713028	414.9861446
49.08313028	431.8229487
49.10913028	420.3917189
49.13513028	448.7170225
49.16113028	409.9389342
49.18713028	403.8608079
49.21313028	408.2897372
49.23913028	440.3744931
49.26513028	423.4615686
49.29113028	432.9575021
49.31713028	412.5091014
49.34313028	390.6411962
49.36913028	420.8734339
49.39513028	429.8740036
49.42113028	398.4244931
49.44713028	405.8745381
49.47313028	403.9562634
49.49913028	432.2556543
49.52513028	442.7553213
49.55113028	424.0155565
49.57713028	427.9758675
49.60313028	456.518546
49.62913028	472.5773109
49.65513028	508.6514906
49.68113028	481.3972398
49.70713028	445.0890535
49.73313028	464.4786631
49.75913028	441.0606886
49.78513028	399.6484905
49.81113028	415.8870175
49.83713028	423.3664623
49.86313028	399.2511439
49.88913028	402.9954857
49.91513028	435.9770366
49.94113028	423.06389
49.96713028	453.7764417
49.99313028	432.4674114
